"","COMID","HUC_12","IncAreaKm2","urban_km2","StateAbbrev","Enhanced_Biofiltration_w_ISR_FracImplement","Enhanced_Biofiltration_w_ISR_areaac","Gravel_Wetland_FracImplement","Gravel_Wetland_areaac","Infiltration_Basin_FracImplement","Infiltration_Basin_areaac","Infiltration_Chamber_FracImplement","Infiltration_Chamber_areaac","Infiltration_Trench_FracImplement","Infiltration_Trench_areaac","Porous_Pavement_w_subsurface_infiltration_FracImplement","Porous_Pavement_w_subsurface_infiltration_areaac","Porous_Pavement_w_underdrain_FracImplement","Porous_Pavement_w_underdrain_areaac"
"1",4573819,"010801040102",0.528564,0.015328356,"VT",0,0,0,0,0.9,3.408942068442,0,0,0,0,0.1,0.378771340938,0,0
"2",4573847,"010801040104",0.835902,0.0295909308,"VT",0,0,0,0,0.9,6.5808602598006,0,0,0,0,0.1,0.7312066955334,0,0
"3",4573865,"010801040104",1.300175,0.005460735,"VT",0,0,0,0,0.9,1.2144374299575,0,0,0,0,0.1,0.1349374922175,0,0
"4",4573867,"010801040104",1.807239,0.027108585,"VT",0,0,0,0,0.9,6.0288002067825,0,0,0,0,0.1,0.6698666896425,0,0
"5",4573871,"010801040103",0.601027,0.0027046215,"VT",0,0,0,0,0.9,0.60149294618175,0,0,0,0,0.1,0.06683254957575,0,0
"6",4574005,"010801040104",2.006823,0.008027292,"VT",0,0,0,0,0.9,1.785225590694,0,0,0,0,0.1,0.198358398966,0,0
"7",4574007,"010801040104",0.054147,0.0062160756,"VT",0,0,0,0,0.9,1.3824210250242,0,0,0,0,0.1,0.1536023361138,0,0
"8",4574473,"010801040104",0.200777,0.007227972,"VT",0,0,0,0,0.9,1.607461218954,0,0,0,0,0.1,0.178606802106,0,0
"9",4574475,"010801040103",0.884464,0.000884464,"VT",0,0,0,0,0.9,0.196699929048,0,0,0,0,0.1,0.021855547672,0,0
"10",4574477,"010801040103",0.291181,0.0035815263,"VT",0,0,0,0,0.9,0.79651175072535,0,0,0,0,0.1,0.08850130563615,0,0
"11",4574481,"010801040104",0.814783,0.0017925226,"VT",0,0,0,0,0.9,0.3986471673657,0,0,0,0,0.1,0.0442941297073,0,0
"12",4574487,"010801040104",0.964753,0.0045343391,"VT",0,0,0,0,0.9,1.00841207697495,0,0,0,0,0.1,0.11204578633055,0,0
"13",4574491,"010801040104",0.982505,0.003537018,"VT",0,0,0,0,0.9,0.786613349601,0,0,0,0,0.1,0.087401483289,0,0
"14",4574493,"010801040104",0.554472,0.08178462,"VT",0,0,0,0,0.9,18.18844967259,0,0,0,0,0.1,2.02093885251,0,0
"15",4574507,"010801040104",1.246445,0.0063568695,"VT",0,0,0,0,0.9,1.41373281401775,0,0,0,0,0.1,0.15708142377975,0,0
"16",4574513,"010801040104",1.583772,0.0647762748,"VT",0,0,0,0,0.9,14.4058872460086,0,0,0,0,0.1,1.6006541384454,0,0
"17",4574515,"010801040104",1.407037,0.0360201472,"VT",0,0,0,0,0.9,8.0106826264704,0,0,0,0,0.1,0.8900758473856,0,0
"18",4574517,"010801040104",0.27729,0.000915057,"VT",0,0,1,0.226115159985,0,0,0,0,0,0,0,0,0,0
"19",4574561,"010801040301",0.243708,0.0018034392,"VT",0,0,0,0,0,0,0,0,0,0,0.1,0.0445638843516,0,0
"20",4574593,"010801040302",0.100763,0.0008967907,"VT",0,0,1,0.2216014659235,0,0,0,0,0,0,0,0,0,0
"21",4574615,"010801040303",0.291269,0.0009029339,"VT",0,0,0,0,0.9,0.20080753322355,0,0,0,0,0.1,0.02231194813595,0,0
"22",4574625,"010801040303",0.280299,0.0026908704,"VT",0,0,0,0,0.9,0.5984347771728,0,0,0,0,0.1,0.0664927530192,0,0
"23",4574663,"010801040303",0.351507,0.0035853714,"VT",0,0,0,0,0.9,0.7973668798173,0,0,0,0,0.1,0.0885963199797,0,0
"24",4574691,"010801040303",0.904686,0.0116704494,"VT",0,0,0,0,0,0,0,0,0,0,0.1,0.2883826398987,0,0
"25",4574699,"010801040303",0.330635,0.004496636,"VT",0,0,0,0,0.9,1.000027114902,0,0,0,0,0.1,0.111114123878,0,0
"26",4574703,"010801040303",0.007777,0.0008640247,"VT",0,0,0,0,0.9,0.19215434114415,0,0,0,0,0.1,0.02135048234935,0,0
"27",4574711,"010801040303",1.667304,0.0045017208,"VT",0,0,0,0,0.9,1.0011579464556,0,0,0,0,0.1,0.1112397718284,0,0
"28",4574723,"010801040304",0.380052,0.0169883244,"VT",0,0,0,0,0.9,3.7781099107758,0,0,0,0,0.1,0.4197899900862,0,0
"29",4574727,"010801040304",1.455284,0.0008731704,"VT",0,0,0,0,0.9,0.1941882945228,0,0,0,0,0.1,0.0215764771692,0,0
"30",4574729,"010801040304",0.593215,0.0026694675,"VT",0,0,0,0,0.9,0.59367488992875,0,0,0,0,0.1,0.06596387665875,0,0
"31",4574781,"010801040302",0.084446,0.003631178,"VT",0,0,0,0,0.9,0.807554015721,0,0,0,0,0.1,0.089728223969,0,0
"32",4574783,"010801040302",1.064205,0.004469661,"VT",0,0,0,0,0,0,0,0,0,0,0.1,0.1104475581405,0,0
"33",4574785,"010801040302",0.964039,0.0143641811,"VT",0,0,0,0,0,0,0,0,0,0,0.1,0.35494609707155,0,0
"34",4574787,"010801040302",1.252762,0.0152836964,"VT",0,0,0,0,0.9,3.3990100190298,0,0,0,0,0.1,0.3776677798922,0,0
"35",4574799,"010801040303",0.599462,0.0054551042,"VT",0,0,0,0,0.9,1.2131851710069,0,0,0,0,0.1,0.1347983523341,0,0
"36",4574811,"010801040104",0.64869,0.139079136,"NH",0,0,0,0,0.9,30.930434911152,0,0,0,0,0.1,3.436714990128,0,0
"37",4574825,"010801040301",0.405235,0.0071726595,"VT",0,0,0,0,0.9,1.59516002317275,0,0,0,0,0.1,0.17724000257475,0,0
"38",4574853,"010801040304",1.314347,0.0090689943,"VT",0,0,0,0,0.9,2.01689445285135,0,0,0,0,0.1,0.22409938365015,0,0
"39",4574863,"010801040302",0.053762,0.0026881,"VT",0,0,0,0,0.9,0.59781865545,0,0,0,0,0.1,0.06642429505,0,0
"40",6082739,"010801050301",3.866105,0.006185768,"VT",0,0,0,0,1,1.52853420164,0,0,0,0,0,0,0,0
"41",6082741,"010801050201",7.239995,0.033303977,"VT",0,0,0,0,0,0,0,0,0.9,7.4066213129265,0.1,0.8229579236585,0,0
"42",6082763,"010801050201",12.225342,0.006112671,"VT",0,0,0,0,1,1.510471567455,0,0,0,0,0,0,0,0
"43",6082765,"010801050401",3.363786,0.0063911934,"VT",0,0,0,0,1,1.579295845107,0,0,0,0,0,0,0,0
"44",6082771,"010801050202",11.0521,0.02652504,"VT",0,0,0,0,1,6.5544700092,0,0,0,0,0,0,0,0
"45",6082773,"010801050202",6.366199,0.0235549363,"VT",0,0,0,0,1,5.8205425344115,0,0,0,0,0,0,0,0
"46",6082775,"010801050202",6.323385,0.0056910465,"VT",0,0,0,0,0,0,0,0,0.9,1.26565744084425,0.1,0.14062860453825,0,0
"47",6082779,"010801050201",1.685593,0.0224183869,"VT",0,0,0,0,1,5.5396954949245,0,0,0,0,0,0,0,0
"48",6082789,"010801050301",4.591006,0.2745421588,"VT",0,0,0,0,1,67.840740150274,0,0,0,0,0,0,0,0
"49",6082793,"010801050401",0.632959,0.0008861426,"VT",0,0,0,0,1,0.218970267173,0,0,0,0,0,0,0,0
"50",6082795,"010801050301",5.773895,0.1726394605,"VT",0,0,0,0,0,0,0.9,38.3940664981673,0,0,0.1,4.26600738868525,0,0
"51",6082797,"010801050202",2.646,0.0082026,"VT",0,0,0,0,0,0,0,0,1,2.026903473,0,0,0,0
"52",6082857,"010801050201",5.894043,0.0017682129,"VT",0,0,0,0,0,0,0.9,0.39324082378905,0,0,0.1,0.04369342486545,0,0
"53",6082859,"010801050201",11.32303,0.007926121,"VT",0,0,0,0,0,0,0,0,0.9,1.7627257167345,0.1,0.1958584129705,0,0
"54",6082861,"010801050401",13.520913,0.0527315607,"VT",0,0,0,0,1,13.0302323067735,0,0,0,0,0,0,0,0
"55",6082867,"010801050401",6.954362,0.048680534,"VT",0,0,0,0,1,12.02920335407,0,0,0,0,0,0,0,0
"56",6082869,"010801050401",3.02387,0.015421737,"VT",0,0,0,0,1,3.810788321385,0,0,0,0,0,0,0,0
"57",6082891,"010801050301",0.789328,0.0396242656,"VT",0,0,0,0,0,0,0.9,8.8122187359792,0,0,0.1,0.9791354151088,0,0
"58",6082895,"010801050301",0.149379,0.0125328981,"VT",0,0,0,0,0.9,2.78724760650045,0,0,0,0,0.1,0.30969417850005,0,0
"59",6083325,"010801050401",0.428046,0.0017977932,"VT",0,0,0,0,0.9,0.3998193198174,0,0,0,0,0.1,0.0444243688686,0,0
"60",6083327,"010801050202",0.152976,0.0026617824,"VT",0,0,0,0,0.9,0.5919657659568,0,0,0,0,0.1,0.0657739739952,0,0
"61",6083339,"010801050202",1.021953,0.0063361086,"VT",0,0,0,0,0,0,0,0,0.9,1.4091157040427,0.1,0.1565684115603,0,0
"62",6083341,"010801050401",1.542715,0.055846283,"VT",0,0,0,0,1,13.799895760715,0,0,0,0,0,0,0,0
"63",6083351,"010801050201",0.47967,0.005372304,"VT",0,0,0,0,1,1.32752317992,0,0,0,0,0,0,0,0
"64",6083355,"010801050201",0.033601,0.0036322681,"VT",0,0,0,0,0,0,0,0,0.9,0.80779644796545,0.1,0.08975516088505,0,0
"65",6083365,"010801050201",3.648849,0.0007297698,"VT",0,0,0,0,1,0.180329766429,0,0,0,0,0,0,0,0
"66",6083367,"010801050101",0.552532,0.0008840512,"VT",0,0,0,0,0,0,0,0,0,0,0.1,0.0218453471776,0,0
"67",6083373,"010801050101",3.388993,0.0244007496,"VT",0,0,0,0,1,6.029547229908,0,0,0,0,0,0,0,0
"68",6083381,"010801050201",2.271566,0.0036345056,"VT",0,0,0,0,1,0.898104506288,0,0,0,0,0,0,0,0
"69",6083393,"010801050101",0.438835,0.007196894,"VT",0,0,0,0,0,0,0,0,0,0,0.1,0.177838849187,0,0
"70",6083403,"010801050301",3.470957,0.0791378196,"VT",0,0,0,0,0,0,0.9,17.5998158210322,0,0,0.1,1.9555350912258,0,0
"71",6083405,"010801050401",6.502687,0.0234096732,"VT",0,0,0,0,1,5.784647296086,0,0,0,0,0,0,0,0
"72",6083411,"010801050401",0.447377,0.0144502771,"VT",0,0,0,0,0,0,0,0,1,3.5707357227955,0,0,0,0
"73",6083413,"010801050101",0.932378,0.0054077924,"VT",0,0,0,0,0,0,0,0,0.9,1.2026632869018,0.1,0.1336292541002,0,0
"74",6083419,"010801050301",0.476019,0.0044745786,"VT",0,0,0,0,1,1.105690744953,0,0,0,0,0,0,0,0
"75",6083429,"010801050401",5.103696,0.0096970224,"VT",0,0,0,0,1,2.396182720152,0,0,0,0,0,0,0,0
"76",6083435,"010801050201",0.231291,0.0018040698,"VT",0,0,0,0,1,0.445794667929,0,0,0,0,0,0,0,0
"77",6083437,"010801050401",5.878034,0.0135194782,"VT",0,0,0,0,1,3.340730660611,0,0,0,0,0,0,0,0
"78",6083443,"010801050202",2.399467,0.0333525913,"VT",0,0,0,0,0,0,0,0,1,8.2415920731865,0,0,0,0
"79",6083445,"010801050202",1.763835,0.0368641515,"VT",0,0,0,0,0,0,0.9,8.19838454076675,0,0,0.1,0.91093161564075,0,0
"80",6083447,"010801050101",0.539026,0.0044739158,"VT",0,0,0,0,0,0,0,0,0,0,0.1,0.1105526963759,0,0
"81",6083463,"010801050401",0.258258,0.007360353,"VT",0,0,0,0,0.9,1.6369020252585,0,0,0,0,0.1,0.1818780028065,0,0
"82",6083467,"010801050202",1.321222,0.0890503628,"VT",0,0,0,0,1,22.004789899694,0,0,0,0,0,0,0,0
"83",6083469,"010801050401",1.33427,0.00533708,"VT",0,0,0,0,1,1.3188191534,0,0,0,0,0,0,0,0
"84",6083475,"010801050302",2.084868,0.0206401932,"VT",0,0,0,0,1,5.100294940686,0,0,0,0,0,0,0,0
"85",6083477,"010801050201",1.107626,0.0098578714,"VT",0,0,0,0,1,2.435929312297,0,0,0,0,0,0,0,0
"86",6083479,"010801050201",3.007162,0.100739927,"VT",0,0,0,0,1,24.893339661335,0,0,0,0,0,0,0,0
"87",6083483,"010801050401",1.35858,0.012634794,"VT",0,0,0,0,1,3.12212077137,0,0,0,0,0,0,0,0
"88",6083485,"010801050401",0.760459,0.0027376524,"VT",0,0,0,0,0,0,0,0,0,0,0.1,0.0676487596302,0,0
"89",6083493,"010801050401",3.101309,0.0099241888,"VT",0,0,0,0,1,2.452316673424,0,0,0,0,0,0,0,0
"90",6083499,"010801050101",3.895089,0.0081796869,"VT",0,0,0,0,0,0,0,0,0.9,1.81911737828205,0.1,0.20212415314245,0,0
"91",6083507,"010801050202",2.605424,0.0125060352,"VT",0,0,0,0,0,0,0,0,0.9,2.7812734452864,0.1,0.3090303828096,0,0
"92",6083509,"010801050101",1.677075,0.00268332,"VT",0,0,0,0,1,0.6630617886,0,0,0,0,0,0,0,0
"93",6083523,"010801050201",0.04571,0.002587186,"VT",0,0,0,0,0.9,0.575375936877,0,0,0,0,0.1,0.063930659653,0,0
"94",6083527,"010801050202",0.158725,0.0053807775,"VT",0,0,0,0,0.9,1.19665532172375,0,0,0,0,0.1,0.13296170241375,0,0
"95",6083539,"010801050401",2.958734,0.032546074,"VT",0,0,0,0,1,8.04229761577,0,0,0,0,0,0,0,0
"96",6083541,"010801050402",0.047329,0.0026788214,"VT",0,0,0,0,1,0.661950162047,0,0,0,0,0,0,0,0
"97",6083543,"010801050302",1.7804,0.01531144,"VT",0,0,0,0,0,0,0,0,0.9,3.40518004308,0.1,0.37835333812,0,0
"98",6083547,"010801050202",4.304934,0.245381238,"VT",0,0,0,0,1,60.63493081599,0,0,0,0,0,0,0,0
"99",6083555,"010801050402",0.845706,0.0027062592,"VT",0,0,0,0,0.9,0.6018571616544,0,0,0,0,0.1,0.0668730179616,0,0
"100",6083557,"010801050202",0.147319,0.0098851049,"VT",0,0,0,0,1,2.4426588463145,0,0,0,0,0,0,0,0
"101",6083561,"010801050101",2.981924,0.0196806984,"VT",0,0,0,0,1,4.863198978132,0,0,0,0,0,0,0,0
"102",6083563,"010801050201",2.38512,0.358483536,"VT",0,0,0,0,1,88.58307416328,0,0,0,0,0,0,0,0
"103",6083565,"010801050101",1.374535,0.0081097565,"VT",0,0,0,0,1,2.0039613799325,0,0,0,0,0,0,0,0
"104",6083571,"010801050101",4.685977,0.0070289655,"VT",0,0,0,0,1,1.7368925198775,0,0,0,0,0,0,0,0
"105",6083573,"010801050103",2.813256,0.0118156752,"VT",0,0,0,0,0,0,0,0,1,2.919712420296,0,0,0,0
"106",6083577,"010801050101",0.472547,0.0116719109,"VT",0,0,0,0,0,0,0,0,0,0,0.1,0.28841875429445,0,0
"107",6083583,"010801050402",0.818484,0.0027009972,"VT",0,0,0,0,0.9,0.6006869217954,0,0,0,0,0.1,0.0667429913106,0,0
"108",6083593,"010801050302",0.634613,0.0413767676,"VT",0,0,0,0,0,0,0,0,0,0,0.1,1.0224406157798,0,0
"109",6083595,"010801050402",2.68021,0.000804063,"VT",0,0,0,0,1,0.198687987615,0,0,0,0,0,0,0,0
"110",6083597,"010801050101",10.118774,0.020237548,"VT",0,0,0,0,1,5.00079929854,0,0,0,0,0,0,0,0
"111",6083599,"010801050103",0.503219,0.0053844433,"VT",0,0,0,0,0.9,1.19747057548185,0,0,0,0,0.1,0.13305228616465,0,0
"112",6083601,"010801050103",0.41431,0.008120476,"VT",0,0,0,0,0.9,1.805949199782,0,0,0,0,0.1,0.200661022198,0,0
"113",6083603,"010801050402",1.535286,0.031473363,"VT",0,0,0,0,1,7.777225364115,0,0,0,0,0,0,0,0
"114",6083607,"010801050201",1.932488,0.1234859832,"VT",0,0,0,0,1,30.514003878636,0,0,0,0,0,0,0,0
"115",6083611,"010801050203",2.518051,0.0181299672,"VT",0,0,0,0,1,4.480005544956,0,0,0,0,0,0,0,0
"116",6083613,"010801050203",0.099096,0.0017738184,"VT",0,0,0,0,0.9,0.3944874561588,0,0,0,0,0.1,0.0438319395732,0,0
"117",6083619,"010801050203",0.201945,0.005371737,"VT",0,0,0,0,0.9,1.1946447642465,0,0,0,0,0.1,0.1327383071385,0,0
"118",6083621,"010801050103",1.328089,0.0163354947,"VT",0,0,0,0,1,4.0365824178435,0,0,0,0,0,0,0,0
"119",6083627,"010801050302",1.674787,0.0053593184,"VT",0,0,0,0,1,1.324314373232,0,0,0,0,0,0,0,0
"120",6083629,"010801050302",5.965518,0.35793108,"VT",0,0,0,0,1,88.4465595234,0,0,0,0,0,0,0,0
"121",6083633,"010801050402",0.200707,0.007225452,"VT",0,0,0,0,0.9,1.606900784814,0,0,0,0,0.1,0.178544531646,0,0
"122",6083635,"010801050302",0.908287,0.0377847392,"VT",0,0,0,0,1,9.336797980016,0,0,0,0,0,0,0,0
"123",6083637,"010801050302",2.754128,0.1368801616,"VT",0,0,0,0,0,0,0,0,1,33.823772332168,0,0,0,0
"124",6083655,"010801050103",0.096736,0.0008802976,"VT",0,0,0,0,0.9,0.1957733446032,0,0,0,0,0.1,0.0217525938448,0,0
"125",6083659,"010801050302",3.252809,0.0143123596,"VT",0,0,0,0,1,3.536655618958,0,0,0,0,0,0,0,0
"126",6083661,"010801050302",0.79964,0.017032332,"VT",0,0,0,0,1,4.20877439886,0,0,0,0,0,0,0,0
"127",6083667,"010801050203",1.153249,0.0009225992,"VT",0,0,0,0,0,0,0,0,0.9,0.2051809877844,0.1,0.0227978875316,0,0
"128",6083669,"010801050402",0.476971,0.0423073277,"VT",0,0,0,0,1,10.4543522113085,0,0,0,0,0,0,0,0
"129",6083679,"010801050402",1.237971,0.0018569565,"VT",0,0,0,0,0.9,0.41297691233925,0,0,0,0,0.1,0.04588632359325,0,0
"130",6083681,"010801050302",0.880127,0.001760254,"VT",0,0,0,0,0.9,0.391470808203,0,0,0,0,0.1,0.043496756467,0,0
"131",6083689,"010801050302",0.112465,0.0008884735,"VT",0,0,0,0,1,0.2195462442175,0,0,0,0,0,0,0,0
"132",6083691,"010801050302",3.165771,0.0088641588,"VT",0,0,0,0,0,0,0,0,0.9,1.9713401642466,0.1,0.2190377960274,0,0
"133",6083693,"010801050302",2.218112,0.062107136,"VT",0,0,0,0,0,0,0,0,1,15.34698384128,0,0,0,0
"134",6083697,"010801050402",0.352241,0.0107433505,"VT",0,0,0,0,0.9,2.38926206277225,0,0,0,0,0.1,0.26547356253025,0,0
"135",6083699,"010801050402",5.876708,0.0152794408,"VT",0,0,0,0,1,3.775626218884,0,0,0,0,0,0,0,0
"136",6083701,"010801050302",1.505491,0.0144527136,"VT",0,0,0,0,1,3.571337794128,0,0,0,0,0,0,0,0
"137",6083703,"010801050302",0.457507,0.0369208149,"VT",0,0,0,0,0.9,8.21098616927805,0,0,0,0,0.1,0.91233179658645,0,0
"138",6083715,"010801050102",0.339984,0.0008839584,"VT",0,0,0,0,0.9,0.1965874863888,0,0,0,0,0.1,0.0218430540432,0,0
"139",6083723,"010801050102",3.830455,0.006128728,"VT",0,0,0,0,0,0,0,0,0.9,1.362995399196,0.1,0.151443933244,0,0
"140",6083731,"010801050103",0.1026,0.0115938,"VT",0,0,0,0,1,2.864885949,0,0,0,0,0,0,0,0
"141",6083735,"010801050302",2.459812,0.0071334548,"VT",0,0,0,0,0,0,0,0,1,1.762712348354,0,0,0,0
"142",6083739,"010801050402",0.68775,0.026891025,"VT",0,0,0,0,1,6.644906732625,0,0,0,0,0,0,0,0
"143",6083745,"010801050302",1.001805,0.0027048735,"VT",0,0,0,0,0.9,0.60154898959575,0,0,0,0,0.1,0.06683877662175,0,0
"144",6083747,"010801050302",0.813306,0.0045545136,"VT",0,0,0,0,0.9,1.0128987748152,0,0,0,0,0.1,0.1125443083128,0,0
"145",6083749,"010801050302",0.301597,0.0099225413,"VT",0,0,0,0,1,2.4519095679365,0,0,0,0,0,0,0,0
"146",6083753,"010801050402",3.223752,0.0528695328,"VT",0,0,0,0,1,13.064325902544,0,0,0,0,0,0,0,0
"147",6083755,"010801050302",0.416875,0.006253125,"VT",0,0,0,0,0,0,0,0,0.9,1.3906606078125,0.1,0.1545178453125,0,0
"148",6083757,"010801050302",5.209529,0.0604305364,"VT",0,0,0,0,0,0,0.9,13.4394189274098,0,0,0.1,1.4932687697122,0,0
"149",6083763,"010801050203",2.679925,0.10076518,"VT",0,0,0,0,1,24.8995798039,0,0,0,0,0,0,0,0
"150",6083767,"010801050402",2.009623,0.0054259821,"VT",0,0,0,0,0,0,0,0,0,0,0.1,0.13407873068205,0,0
"151",6083773,"010801050103",0.23022,0.009807372,"VT",0,0,0,0,0.9,2.181105592254,0,0,0,0,0.1,0.242345065806,0,0
"152",6083777,"010801050102",0.544821,0.002724105,"VT",0,0,0,0,0,0,0,0,0,0,0.1,0.0673139966025,0,0
"153",6083783,"010801050203",0.45875,0.0089915,"VT",0,0,0,0,0.9,1.99966014675,0,0,0,0,0.1,0.22218446075,0,0
"154",6083785,"010801050203",1.109676,0.0026632224,"VT",0,0,0,0,0.9,0.5922860140368,0,0,0,0,0.1,0.0658095571152,0,0
"155",6083787,"010801050302",1.824826,0.0215329468,"VT",0,0,0,0,1,5.320898819014,0,0,0,0,0,0,0,0
"156",6083789,"010801050102",0.886237,0.0036335717,"VT",0,0,0,0,0,0,0,0,0.9,0.80808636143565,0.1,0.08978737349285,0,0
"157",6083793,"010801050102",1.18423,0.005447458,"VT",0,0,0,0,0,0,0,0,0,0,0.1,0.134609410909,0,0
"158",6083795,"010801050103",3.495823,0.0125849628,"VT",0,0,0,0,1,3.109807232694,0,0,0,0,0,0,0,0
"159",6083799,"010801050302",0.580584,0.000870876,"VT",0,0,0,0,0,0,0,0,0.9,0.193678032582,0.1,0.021519781398,0,0
"160",6083801,"010801050102",0.751242,0.0126208656,"VT",0,0,0,0,0.9,2.8068110946792,0,0,0,0,0.1,0.3118678994088,0,0
"161",6083803,"010801050102",3.509227,0.0133350626,"VT",0,0,0,0,1,3.295160643773,0,0,0,0,0,0,0,0
"162",6083805,"010801050402",1.817925,0.039630765,"VT",0,0,0,0,0,0,0,0,0,0,0.1,0.9792960185325,0,0
"163",6083807,"010801050402",0.508741,0.0009157338,"VT",0,0,0,0,0.9,0.2036541605841,0,0,0,0,0.1,0.0226282400649,0,0
"164",6083809,"010801050302",0.240654,0.0080859744,"VT",0,0,0,0,0.9,1.7982762337008,0,0,0,0,0.1,0.1998084704112,0,0
"165",6083815,"010801050501",1.173019,0.0063343026,"VT",0,0,0,0,0.9,1.4087140595757,0,0,0,0,0.1,0.1565237843973,0,0
"166",6083819,"010801050502",0.270828,0.0018145476,"VT",0,0,0,0,1,0.448383784698,0,0,0,0,0,0,0,0
"167",6083821,"010801050102",0.30737,0.006301085,"VT",0,0,0,0,1,1.557029608925,0,0,0,0,0,0,0,0
"168",6083825,"010801050203",1.945525,0.0036964975,"VT",0,0,0,0,0.9,0.82208071326375,0,0,0,0,0.1,0.09134230147375,0,0
"169",6083827,"010801050203",2.268755,0.016335036,"VT",0,0,0,0,1,4.03646907078,0,0,0,0,0,0,0,0
"170",6083829,"010801050502",6.446528,0.0264307648,"VT",0,0,0,0,1,6.531174135904,0,0,0,0,0,0,0,0
"171",6083847,"010801050501",2.077723,0.0116352488,"VT",0,0,0,0,0.9,2.5876153392516,0,0,0,0,0.1,0.2875128154724,0,0
"172",6083851,"010801050402",2.421197,0.0728780297,"VT",0,0,0,0,1,18.0085255290185,0,0,0,0,0,0,0,0
"173",6083853,"010801050501",1.510976,0.0054395136,"VT",0,0,0,0,1,1.344131008128,0,0,0,0,0,0,0,0
"174",6083859,"010801050103",8.637555,0.321317046,"VT",0,0,0,0,1,79.39904865183,0,0,0,0,0,0,0,0
"175",6083861,"010801050103",10.184549,0.0091660941,"VT",0,0,0,0,1,2.2649876825805,0,0,0,0,0,0,0,0
"176",6083869,"010801050106",2.607882,0.0970132104,"VT",0,0,0,0,0,0,0,0,0,0,0.1,2.3972449355892,0,0
"177",6083879,"010801050501",2.874546,0.0160974576,"VT",0,0,0,0,0,0,0,0,0,0,0.1,0.3977762260248,0,0
"178",6083881,"010801050501",3.564603,0.0089115075,"VT",0,0,0,0,0,0,1,2.2020780607875,0,0,0,0,0,0
"179",6083883,"010801050103",3.339044,0.0036729484,"VT",0,0,0,0,0,0,0.9,0.8168435229438,0,0,0.1,0.0907603914382,0,0
"180",6083885,"010801050103",4.331133,0.047642463,"VT",0,0,0,0,1,11.772690819615,0,0,0,0,0,0,0,0
"181",6083887,"010801050501",1.001327,0.0036047772,"VT",0,0,0,0,0.9,0.8016826230054,0,0,0,0,0.1,0.0890758470006,0,0
"182",6083889,"010801050501",1.420398,0.0062497512,"VT",0,0,0,0,0.9,1.3899102932484,0,0,0,0,0.1,0.1544344770276,0,0
"183",6083891,"010801050106",1.879198,0.0090201504,"VT",0,0,0,0,1,2.228924264592,0,0,0,0,0,0,0,0
"184",6083893,"010801050501",3.34156,0.06850198,"VT",0,0,0,0,1,16.9271817679,0,0,0,0,0,0,0,0
"185",6083899,"010801050106",1.730749,0.0107306438,"VT",0,0,0,0,0.9,2.3864361625791,0,0,0,0,0.1,0.2651595736199,0,0
"186",6083901,"010801050106",0.732546,0.0116474814,"VT",0,0,0,0,0.9,2.5903358022123,0,0,0,0,0.1,0.2878150891347,0,0
"187",6083905,"010801050106",0.80804,0.009050048,"VT",0,0,0,0,0.9,2.012680899936,0,0,0,0,0.1,0.223631211104,0,0
"188",6083911,"010801050103",1.053232,0.0027384032,"VT",0,0,0,0,0.9,0.6090058104624,0,0,0,0,0.1,0.0676673122736,0,0
"189",6083915,"010801050501",8.390084,0.071315714,"VT",0,0,0,0,1,17.62246950797,0,0,0,0,0,0,0,0
"190",6083917,"010801050502",15.038807,0.1368531437,"VT",0,0,0,0,1,33.8170960739885,0,0,0,0,0,0,0,0
"191",6083927,"010801050502",3.49154,0.067386722,"VT",0,0,0,0,1,16.65159593981,0,0,0,0,0,0,0,0
"192",6083933,"010801050103",0.533951,0.0081160552,"VT",0,0,0,0,0.9,1.8049660381764,0,0,0,0,0.1,0.2005517820196,0,0
"193",6083939,"010801050106",2.133269,0.006399807,"VT",0,0,0,0,0.9,1.4232818778615,0,0,0,0,0.1,0.1581424308735,0,0
"194",6083941,"010801050501",1.000936,0.0009008424,"VT",0,0,0,0,0,0,0.9,0.2003423951268,0,0,0.1,0.0222602661252,0,0
"195",6083943,"010801050106",2.142577,0.0062134733,"VT",0,0,0,0,0,0,0,0,0,0,0.1,0.15353803197965,0,0
"196",6083945,"010801050106",2.362153,0.0179523628,"VT",0,0,0,0,0,0,0.9,3.9925067487246,0,0,0.1,0.4436118609694,0,0
"197",6083947,"010801050502",9.603218,0.0211270796,"VT",0,0,0,0,1,5.220607004558,0,0,0,0,0,0,0,0
"198",6083951,"010801050501",0.594931,0.0036290791,"VT",0,0,0,0,0.9,0.80708723190495,0,0,0,0,0.1,0.08967635910055,0,0
"199",6083957,"010801050501",1.596923,0.0017566153,"VT",0,0,0,0,0,0,1,0.4340684237065,0,0,0,0,0,0
"200",6083961,"010801050104",1.426316,0.0045642112,"VT",0,0,0,0,0.9,1.0150554677184,0,0,0,0,0.1,0.1127839408576,0,0
"201",6083963,"010801050501",1.076992,0.00538496,"VT",0,0,0,0,0.9,1.19758548672,0,0,0,0,0.1,0.13306505408,0,0
"202",6083969,"010801050502",1.58924,0.005403416,"VT",0,0,0,0,0,0,0,0,0,0,0.1,0.133521111068,0,0
"203",6083979,"010801050104",0.598309,0.0026923905,"VT",0,0,0,0,1,0.6653031545025,0,0,0,0,0,0,0,0
"204",6083981,"010801050106",5.448903,0.0659317263,"VT",0,0,0,0,1,16.2920592273615,0,0,0,0,0,0,0,0
"205",6083987,"010801050106",0.566727,0.0206855355,"VT",0,0,0,0,1,5.1114992497275,0,0,0,0,0,0,0,0
"206",6083989,"010801050502",0.119815,0.002683856,"VT",0,0,0,0,1,0.66319423688,0,0,0,0,0,0,0,0
"207",6083993,"010801050502",2.957856,0.0171555648,"VT",0,0,0,0,0,0,0,0,0,0,0.1,0.4239225839904,0,0
"208",6083995,"010801050106",0.214521,0.003646857,"VT",0,0,0,0,1,0.901156598985,0,0,0,0,0,0,0,0
"209",6083997,"010801050106",0.278987,0.0062214101,"VT",0,0,0,0,0.9,1.38360738848445,0,0,0,0,0.1,0.15373415427605,0,0
"210",6083999,"010801050106",2.767338,0.002767338,"VT",0,0,0,0,0,0,0,0,0,0,0.1,0.068382305649,0,0
"211",6084001,"010801050106",1.068683,0.0063052297,"VT",0,0,0,0,0.9,1.40224840651665,0,0,0,0,0.1,0.15580537850185,0,0
"212",6084005,"010801050105",0.626808,0.0035728056,"VT",0,0,0,0,0,0,0.9,0.7945723150092,0,0,0.1,0.0882858127788,0,0
"213",6084009,"010801050105",2.451718,0.0044130924,"VT",0,0,0,0,0,0,0.9,0.9814474777518,0,0,0.1,0.1090497197502,0,0
"214",6084013,"010801050105",0.261804,0.0053931624,"VT",0,0,0,0,1,1.332677394852,0,0,0,0,0,0,0,0
"215",6084019,"010801050502",3.108289,0.0018649734,"VT",0,0,0,0,1,0.460844252007,0,0,0,0,0,0,0,0
"216",6084035,"010801050106",2.153433,0.0198115836,"VT",0,0,0,0,0.9,4.4059872289302,0,0,0,0,0.1,0.4895541365478,0,0
"217",6084043,"010801050502",3.282892,0.026263136,"VT",0,0,0,0,1,6.48975222128,0,0,0,0,0,0,0,0
"218",6084047,"010801050501",1.394974,0.0026504506,"VT",0,0,0,0,0.9,0.5894456359617,0,0,0,0,0.1,0.0654939595513,0,0
"219",6084051,"010801050501",2.601397,0,"VT",0,0,0,0,1,0,0,0,0,0,0,0,0,0
"220",6084055,"010801050106",0.097768,0.00268862,"VT",0,0,0,0,1,0.6643714451,0,0,0,0,0,0,0,0
"221",6084057,"010801050106",0.548546,0.0026878754,"VT",0,0,0,0,0.9,0.5977687056453,0,0,0,0,0.1,0.0664187450717,0,0
"222",6084061,"010801050105",1.572237,0.0009433422,"VT",0,0,0,0,0,0,0,0,0,0,0.1,0.0233104574331,0,0
"223",6084065,"010801050106",0.115949,0.0018088044,"VT",0,0,0,0,0.9,0.4022681501358,0,0,0,0,0.1,0.0446964611262,0,0
"224",6084069,"010801050104",3.318959,0.0262197761,"VT",0,0,0,0,1,6.4790377731905,0,0,0,0,0,0,0,0
"225",6084071,"010801050502",0.860486,0.0026675066,"VT",0,0,0,0,0.9,0.5932387965537,0,0,0,0,0.1,0.0659154218393,0,0
"226",6084075,"010801050502",2.468516,0.0027153676,"VT",0,0,0,0,1,0.670980910798,0,0,0,0,0,0,0,0
"227",6084077,"010801050502",1.315513,0.0009208591,"VT",0,0,0,0,0,0,0.9,0.20479399911495,0,0,0.1,0.02275488879055,0,0
"228",6084083,"010801050104",1.908649,0.0009543245,"VT",0,0,0,0,0,0,0.9,0.21223652001525,0,0,0.1,0.02358183555725,0,0
"229",6084085,"010801050104",0.215585,0.001810914,"VT",0,0,0,0,1,0.44748590397,0,0,0,0,0,0,0,0
"230",6084089,"010801050502",0.385895,0.0008875585,"VT",0,0,0,0,0.9,0.19738812882825,0,0,0,0,0.1,0.02193201431425,0,0
"231",6084091,"010801050502",1.018234,0.0053966402,"VT",0,0,0,0,0.9,1.2001830989589,0,0,0,0,0.1,0.1333536776621,0,0
"232",6084093,"010801050106",1.237663,0.0063120813,"VT",0,0,0,0,0.9,1.40377216467285,0,0,0,0,0.1,0.15597468496365,0,0
"233",6084103,"010801050502",0.671879,0.0062484747,"VT",0,0,0,0,0.9,1.38962640666915,0,0,0,0,0.1,0.15440293407435,0,0
"234",6084105,"010801050502",1.678122,0.0080549856,"VT",0,0,0,0,0.9,1.7913844950192,0,0,0,0,0.1,0.1990427216688,0,0
"235",6084107,"010801050106",0.860002,0.0071380166,"VT",0,0,0,0,0,0,1,1.763839591943,0,0,0,0,0,0
"236",6084111,"010801050502",0.539323,0.0018336982,"VT",0,0,0,0,0.9,0.4078043943399,0,0,0,0,0.1,0.0453115993711,0,0
"237",6084115,"010801050502",2.373495,0.007120485,"VT",0,0,0,0,0,0,0,0,0.9,1.5835567013325,0.1,0.1759507445925,0,0
"238",6084117,"010801050106",2.301717,0.0009206868,"VT",0.9,0.2047556805426,0,0,0,0,0,0,0,0,0,0,0.1,0.0227506311714
"239",6084119,"010801050105",2.328734,0.0053560882,"VT",0,0,0,0,1,1.323516174661,0,0,0,0,0,0,0,0
"240",6084125,"010801050502",1.350057,0.0017550741,"VT",0,0,0,0,0.9,0.39031882693245,0,0,0,0,0.1,0.04336875854805,0,0
"241",6084133,"010801050104",8.161524,0.0032646096,"VT",0,0,0,0,1,0.806701355208,0,0,0,0,0,0,0,0
"242",6084137,"010801050106",4.028614,0.008057228,"VT",0,0,0,0,1,1.99098132494,0,0,0,0,0,0,0,0
"243",6084143,"010801050503",2.24503,0.00449006,"VT",0,0,0,0,0.9,0.99856464867,0,0,0,0,0.1,0.11095162763,0,0
"244",6084147,"010801050106",0.469741,0.0008925079,"VT",0,0,0,0,1,0.2205431646295,0,0,0,0,0,0,0,0
"245",6084163,"010801050503",0.419401,0.0009226822,"VT",0,0,0,0,0.9,0.2051994465279,0,0,0,0,0.1,0.0227999385031,0,0
"246",6084181,"010801050503",2.270572,0.0018164576,"VT",0,0,0,0,1,0.448855755248,0,0,0,0,0,0,0,0
"247",6084187,"010801050503",2.343603,0.0342166038,"VT",0,0,0,0,1,8.455093881999,0,0,0,0,0,0,0,0
"248",6084203,"010801050503",2.112229,0.0530169479,"VT",0,0,0,0,1,13.1007529108295,0,0,0,0,0,0,0,0
"249",6084207,"010801050503",0.766489,0.0484421048,"VT",0,0,0,0,0.9,10.7732576759436,0,0,0,0,0.1,1.1970286306604,0,0
"250",6084235,"010801050401",2.792293,0.0008376879,"VT",0,0,0,0,1,0.2069968685295,0,0,0,0,0,0,0,0
"251",6084243,"010801050401",2.304609,0.0071442879,"VT",0,0,0,0,0,0,0,0,0.9,1.58885033537655,0.1,0.17653892615295,0,0
"252",6084245,"010801050201",2.04492,0.094475304,"VT",0,0,0,0,1,23.34531999492,0,0,0,0,0,0,0,0
"253",6084247,"010801050401",2.999415,0.0206959635,"VT",0,0,0,0,0,0,0.9,4.60266845460075,0,0,0.1,0.51140760606675,0,0
"254",6084251,"010801050201",4.105756,0.0016423024,"VT",0,0,0,0,1,0.405821134552,0,0,0,0,0,0,0,0
"255",6084261,"010801050202",2.297407,0.2207808127,"VT",0,0,0,0,0,0,0,0,0.9,49.1004384500102,0.1,5.45560427222335,0,0
"256",6084265,"010801050203",0.97605,0.00448983,"VT",0,0,0,0,0,0,0.9,0.998513497935,0,0,0.1,0.110945944215,0,0
"257",6084267,"010801050101",1.93549,0.009870999,"VT",0,0,0,0,1,2.439173207895,0,0,0,0,0,0,0,0
"258",6084269,"010801050201",14.180342,0.0581394022,"VT",0,0,0,0,1,14.366536980631,0,0,0,0,0,0,0,0
"259",6084275,"010801050203",0.55781,0.000892496,"VT",0,0,0,0,0,0,0.9,0.198486201672,0,0,0.1,0.022054022408,0,0
"260",6084299,"010801050102",7.330852,0.0124624484,"VT",0,0,0,0,1,3.079533311882,0,0,0,0,0,0,0,0
"261",6084307,"010801050402",0.921825,0.0054387675,"VT",0,0,0,0,1,1.3439466430875,0,0,0,0,0,0,0,0
"262",6084309,"010801050402",4.396497,0.0070343952,"VT",0,0,0,0,1,1.738234225896,0,0,0,0,0,0,0,0
"263",6084311,"010801050103",1.1812,0.01169388,"VT",0,0,0,0,1,2.8896162174,0,0,0,0,0,0,0,0
"264",6084315,"010801050103",0.597088,0.025077696,"VT",0,0,0,0,1,6.19682407008,0,0,0,0,0,0,0,0
"265",6084319,"010801050501",0.12768,0.001800288,"VT",0,0,0,0,0.9,0.400374149616,0,0,0,0,0.1,0.044486016624,0,0
"266",6084321,"010801050106",2.479995,0.028767942,"VT",0,0,0,0,0,0,0,0,0,0,0.1,0.710870230791,0,0
"267",6084325,"010801050103",5.679637,0.0141990925,"VT",0,0,0,0,1,3.5086667522125,0,0,0,0,0,0,0,0
"268",6084329,"010801050501",7.744566,0.0627309846,"VT",0,0,0,0,1,15.501139949583,0,0,0,0,0,0,0,0
"269",6084331,"010801050103",1.654707,0.0829008207,"VT",0,0,0,0,1,20.4852072990735,0,0,0,0,0,0,0,0
"270",6084333,"010801050104",3.170337,0.0009511011,"VT",0,0,0,0,0,0,0,0,0.9,0.21151965358395,0.1,0.02350218373155,0,0
"271",6084335,"010801050103",2.962932,0.0008888796,"VT",0,0,0,0,0.9,0.1976819342022,0,0,0,0,0.1,0.0219646593558,0,0
"272",6084339,"010801050106",9.711563,0.0806059729,"VT",0,0,0,0,1,19.9181389334545,0,0,0,0,0,0,0,0
"273",6084341,"010801050105",2.35015,0.007285465,"VT",0,0,0,0,0,0,0.9,1.6202473459425,0,0,0.1,0.1800274828825,0,0
"274",6084347,"010801050502",2.029932,0.0008119728,"VT",0,0,0,0,0.9,0.1805782848696,0,0,0,0,0.1,0.0200642538744,0,0
"275",6084363,"010801050502",6.504762,0.0091066668,"VT",0,0,0,0,1,2.250302899614,0,0,0,0,0,0,0,0
"276",6084365,"010801050106",1.049075,0.0017834275,"VT",0,0,0,0,0,0,0,0,0.9,0.39662446714875,0.1,0.04406938523875,0,0
"277",6084371,"010801050104",7.630132,0.0083931452,"VT",0,0,0,0,1,2.073988144646,0,0,0,0,0,0,0,0
"278",6084393,"010801050503",7.2333,0.0361665,"VT",0,0,0,0,0,0,0.9,8.04323068425,0,0,0.1,0.89369229825,0,0
"279",6084395,"010801050502",3.879514,0.0062072224,"VT",0,0,0,0,1,1.533835691152,0,0,0,0,0,0,0,0
"280",6084401,"010801050302",0.233594,0.0044850048,"VT",0,0,0,0,0.9,0.9974403999936,0,0,0,0,0.1,0.1108267111104,0,0
"281",6084405,"010801050103",0.180557,0.00180557,"VT",0,0,0,0,0,0,0,0,0.9,0.401548837365,0.1,0.044616537485,0,0
"282",6084407,"010801050501",0.002391,0.0015940797,"VT",1,0.3939050642685,0,0,0,0,0,0,0,0,0,0,0,0
"283",6084411,"010801050501",0.322354,0.068822579,"VT",0,0,0,0,0.9,15.3057630454155,0,0,0,0,0.1,1.7006403383795,0,0
"284",6084413,"010801050501",1.18707,0.064695315,"VT",0,0,0,0,0.9,14.3878822317675,0,0,0,0,0.1,1.5986535813075,0,0
"285",6084415,"010801050501",1.002463,0.0215529545,"VT",0,0,0,0,0.9,4.79325853955025,0,0,0,0,0.1,0.53258428217225,0,0
"286",6084417,"010801050501",0.01145,0.000880505,"VT",0,0,0,0,0.9,0.1958194692225,0,0,0,0,0.1,0.0217577188025,0,0
"287",6084419,"010801050501",0.839524,0.110817168,"VT",0,0,0,0,0.9,24.645128668776,0,0,0,0,0.1,2.738347629864,0,0
"288",6084427,"010801050501",4.05577,0.135057141,"VT",0,0,0,0,1,33.373294826805,0,0,0,0,0,0,0,0
"289",6084429,"010801050501",2.016084,0.0485876244,"VT",0,0,0,0,1,12.006244927362,0,0,0,0,0,0,0,0
"290",6084435,"010801050501",0.302189,0.021455419,"VT",0,0,0,0,1,5.301741311995,0,0,0,0,0,0,0,0
"291",6084439,"010801050501",0.874745,0.021518727,"VT",0,0,0,0,1,5.317385035335,0,0,0,0,0,0,0,0
"292",6084441,"010801050103",0.380675,0.0027027925,"VT",0,0,0,0,0.9,0.60108618664125,0,0,0,0,0.1,0.06678735407125,0,0
"293",6084443,"010801050102",0.096231,0.002694468,"VT",0,0,0,0,0,0,0.9,0.599234863626,0,0,0.1,0.066581651514,0,0
"294",6084449,"010801050106",0.287113,0.0619015628,"VT",0,0,0,0,0.9,13.7665671081246,0,0,0,0,0.1,1.5296185675694,0,0
"295",6084453,"010801050502",1.500519,0.0865799463,"VT",0,0,0,0,1,21.3943376304615,0,0,0,0,0,0,0,0
"296",6084457,"010801050106",1.431036,0.126646686,"VT",0,0,0,0,1,31.29502934403,0,0,0,0,0,0,0,0
"297",6084461,"010801050106",2.350464,0.0216242688,"VT",0,0,0,0,1,5.343464941824,0,0,0,0,0,0,0,0
"298",6084463,"010801050502",2.038532,0.0811335736,"VT",0,0,0,0,0,0,0,0,0,0,0.1,2.0048511704428,0,0
"299",6084467,"010801050106",0.977899,0.0072364526,"VT",0,0,0,0,1,1.788163619723,0,0,0,0,0,0,0,0
"300",6084475,"010801050106",0.146764,0.0027004576,"VT",0,0,0,0,0.9,0.6005669177232,0,0,0,0,0.1,0.0667296575248,0,0
"301",6084477,"010801050106",0.527518,0.0144012414,"VT",0,0,0,0,0.9,3.2027568805323,0,0,0,0,0.1,0.3558618756147,0,0
"302",6084481,"010801050502",0.40945,0.0098268,"VT",0,0,0,0,0.9,2.1854262726,0,0,0,0,0.1,0.2428251414,0,0
"303",6084483,"010801050106",1.505761,0.0251462087,"VT",0,0,0,0,0.9,5.59237851073215,0,0,0,0,0.1,0.62137539008135,0,0
"304",6084491,"010801050502",1.617633,0.0999697194,"VT",0,0,0,0,0,0,1,24.703017512337,0,0,0,0,0,0
"305",6084495,"010801050502",0.0018,0.0009,"VT",0,0,0,0,1,0.2223945,0,0,0,0,0,0,0,0
"306",6084497,"010801050502",1.850936,0.0496050848,"VT",0,0,0,0,0,0,0,0,0,0,0.1,1.2257664479504,0,0
"307",6084499,"010801050106",0.322983,0.0099155781,"VT",0,0,0,0,1,2.4501889264005,0,0,0,0,0,0,0,0
"308",6084501,"010801050502",0.001477,0.0007385,"VT",0,0,0,0,0,0,1,0.1824870425,0,0,0,0,0,0
"309",6084503,"010801050502",0.157106,0.0071797442,"VT",0,0,0,0,1,1.774150690541,0,0,0,0,0,0,0,0
"310",6084509,"010801050502",0.483845,0.0009193055,"VT",0,0,0,0,0.9,0.20444848701975,0,0,0,0,0.1,0.02271649855775,0,0
"311",6084511,"010801050503",0.936109,0.0378188036,"VT",0,0,0,0,0.9,8.4106939172202,0,0,0,0,0.1,0.9345215463578,0,0
"312",6084517,"010801050503",0.92789,0.050198849,"VT",0,0,0,0,1,12.404386582145,0,0,0,0,0,0,0,0
"313",6084519,"010801050503",0.468768,0.0587835072,"VT",0,0,0,0,0.9,13.0731286919904,0,0,0,0,0.1,1.4525698546656,0,0
"314",6084523,"010801050503",0.107474,0.01880795,"VT",0,0,0,0,1,4.64753848475,0,0,0,0,0,0,0,0
"315",6084527,"010801050503",2.253364,0.0531793904,"VT",0,0,0,0,0.9,11.8268039383128,0,0,0,0,0.1,1.3140893264792,0,0
"316",6084533,"010801050503",0.011258,0.0034640866,"VT",0,0,0,0,1,0.855993119293,0,0,0,0,0,0,0,0
"317",6084535,"010801050503",0.045026,0.00180104,"VT",0,0,0,0,0.9,0.40054139028,0,0,0,0,0.1,0.04450459892,0,0
"318",6084537,"010801050503",0.249181,0.0072760852,"VT",0,0,0,0,0.9,1.6181613300114,0,0,0,0,0.1,0.1797957033346,0,0
"319",6084563,"010801050202",3.365362,0.001682681,"VT",0,0,0,0,0,0,0.9,0.3742189996545,0,0,0.1,0.0415798888505,0,0
"320",6084565,"010801050302",0.101997,0.0008771742,"VT",0,0,0,0,0,0,0,0,1,0.216754130691,0,0,0,0
"321",6084567,"010801050103",1.53343,0.004446947,"VT",0,0,0,0,0,0,0.9,0.9889765545915,0,0,0.1,0.1098862838435,0,0
"322",6084573,"010801050203",0.659807,0.0009237298,"VT",0,0,0,0,0.9,0.2054324270061,0,0,0,0,0.1,0.0228258252229,0,0
"323",6084577,"010801050502",1.181479,0.0009451832,"VT",0,0,0,0,0,0,0,0,0,0,0.1,0.0233559494636,0,0
"324",6084585,"010801050202",0.533691,0.0009072747,"VT",0,0,0,0,0,0,0.9,0.20177290326915,0,0,0.1,0.02241921147435,0,0
"325",6084593,"010801050501",0.178953,0.0150678426,"VT",0,0,0,0,0.9,3.3510053211057,0,0,0,0,0.1,0.3723339245673,0,0
"326",6084595,"010801050501",0.009129,0.0008298261,"VT",0,0,0,0,1,0.2050541784405,0,0,0,0,0,0,0,0
"327",6084603,"010801050203",0.405222,0.035051703,"VT",0,0,0,0,0.9,7.7953059628335,0,0,0,0,0.1,0.8661451069815,0,0
"328",6084605,"010801050106",0.035171,0.023740425,"VT",0,0,0,0,0.9,5.2797399476625,0,0,0,0,0.1,0.5866377719625,0,0
"329",6084607,"010801050106",1.25164,0.136053268,"VT",0,0,0,0,0.9,30.257498510226,0,0,0,0,0.1,3.361944278914,0,0
"330",6084609,"010801050501",0.997292,0.0216412364,"VT",0,0,0,0,0.9,4.8128919485598,0,0,0,0,0.1,0.5347657720622,0,0
"331",6084611,"010801050501",0.049349,0.0044858241,"VT",0,0,0,0,0.9,0.99762260780745,0,0,0,0,0.1,0.11084695642305,0,0
"332",6084613,"010801050502",0.543203,0.0196639486,"VT",0,0,0,0,0.9,4.3731540169227,0,0,0,0,0.1,0.4859060018803,0,0
"333",6084615,"010801050502",0.582863,0.0644646478,"VT",0,0,0,0,0.9,14.3365831151571,0,0,0,0,0.1,1.5929536794619,0,0
"334",6084621,"010801050502",0.105381,0.0044681544,"VT",0,0,0,0,1,1.104103293012,0,0,0,0,0,0,0,0
"335",6084629,"010801050106",0.140518,0.0008993152,"VT",0,0,0,0,0,0,0,0,0.9,0.2000027542464,0.1,0.0222225282496,0,0
"336",6084631,"010801050502",1.477407,0.0341281017,"VT",0,0,0,0,1,8.4332245705785,0,0,0,0,0,0,0,0
"337",6084639,"010801050503",0.016538,0.0017414514,"VT",0,0,0,0,0.9,0.3872892133773,0,0,0,0,0.1,0.0430321348197,0,0
"338",6084641,"010801050503",0.001477,0.0007385,"VT",0,0,0,0,0.9,0.16423833825,0,0,0,0,0.1,0.01824870425,0,0
"339",6088659,"010801060206",0.369681,0.0035859057,"VT",0,0,0,0,1,0.8860952279985,0,0,0,0,0,0,0,0
"340",6088661,"010801060206",1.26713,0.001773982,"VT",0,0,0,0,0,0,0,0,0.9,0.394523839899,0.1,0.043835982211,0,0
"341",6088663,"010801060206",12.97962,0.023363316,"VT",0,0,0,0,0,0,1,5.77319220018,0,0,0,0,0,0
"342",6088667,"010801060206",4.106661,0.0045173271,"VT",0,0,0,0,0,0,0.9,1.00462870174095,0,0,0.1,0.11162541130455,0,0
"343",6088677,"010801060206",1.277189,0.0017880646,"VT",0,0,0,0,0,0,0,0,1,0.441839702983,0,0,0,0
"344",6088681,"010801060201",3.692392,0.0125541328,"VT",0,0,0,0,1,3.102188985544,0,0,0,0,0,0,0,0
"345",6088685,"010801060201",0.935939,0.0152558057,"VT",0,0,0,0,1,3.7697858674985,0,0,0,0,0,0,0,0
"346",6088715,"010801060207",1.074857,0.0117159413,"VT",0,0,0,0,1,2.8950676749365,0,0,0,0,0,0,0,0
"347",6088717,"010801060207",2.133488,0.011734184,"VT",0,0,0,0,1,2.89957553732,0,0,0,0,0,0,0,0
"348",6088725,"010801060202",0.109467,0.0009085761,"VT",0,0,0,0,1,0.2245136971905,0,0,0,0,0,0,0,0
"349",6088727,"010801060207",2.385112,0.0090634256,"VT",0,0,0,0,1,2.239617782888,0,0,0,0,0,0,0,0
"350",6088731,"010801060202",5.769799,0.0051928191,"VT",0,0,0,0,0,0,0,0,1,1.2831715637055,0,0,0,0
"351",6088739,"010801060207",0.308074,0.0117376194,"VT",0,0,0,0,0.9,2.6103819976533,0,0,0,0,0.1,0.2900424441837,0,0
"352",6088741,"010801060207",0.968709,0.0413638743,"VT",0,0,0,0,1,10.2212201589015,0,0,0,0,0,0,0,0
"353",6088745,"010801060202",3.472445,0.0017362225,"VT",0,0,0,0,1,0.4290292608625,0,0,0,0,0,0,0,0
"354",6088749,"010801060207",1.735134,0.0027762144,"VT",0,0,0,0,1,0.686016459312,0,0,0,0,0,0,0,0
"355",6088755,"010801060201",6.418077,0.109107309,"VT",0,0,0,0,0,0,1,26.960961590445,0,0,0,0,0,0
"356",6088761,"010801060207",0.267592,0.0045223048,"VT",0,0,0,0,0.9,1.0057357148436,0,0,0,0,0.1,0.1117484127604,0,0
"357",6088769,"010801060207",0.071426,0.0017642222,"VT",0,0,0,0,0.9,0.3923533140579,0,0,0,0,0.1,0.0435948126731,0,0
"358",6088777,"010801060207",0.044109,0.0017290728,"VT",0,0,0,0,0.9,0.3845362808196,0,0,0,0,0.1,0.0427262534244,0,0
"359",6088779,"010801060206",8.33168,0.009164848,"VT",0,0,0,0,0,0,1,2.26467976504,0,0,0,0,0,0
"360",6088781,"010801060207",4.07581,0.098227021,"VT",0,0,0,0,1,24.272388024205,0,0,0,0,0,0,0,0
"361",6088789,"010801060207",0.611034,0.034217904,"VT",0,0,0,0,1,8.45541516792,0,0,0,0,0,0,0,0
"362",6088791,"010801060205",3.083261,0.243577619,"VT",0,0,0,0,1,60.189247542995,0,0,0,0,0,0,0,0
"363",6088813,"010801060202",0.754374,0.0009052488,"VT",0,0,0,0,1,0.223691504724,0,0,0,0,0,0,0,0
"364",6088815,"010801060202",0.082391,0.0018290802,"VT",0,0,0,0,0.9,0.4067773765389,0,0,0,0,0.1,0.0451974862821,0,0
"365",6088819,"010801060207",0.276871,0.0053989845,"VT",0,0,0,0,1,1.3341160648725,0,0,0,0,0,0,0,0
"366",6088821,"010801060202",0.968787,0.0008719083,"VT",0,0,0,0,1,0.2154529004715,0,0,0,0,0,0,0,0
"367",6088833,"010801060205",0.156113,0.019514125,"VT",0,0,0,0,0.9,4.3398340723125,0,0,0,0,0.1,0.4822037858125,0,0
"368",6088837,"010801060205",0.189376,0.015244768,"VT",0,0,0,0,0.9,3.390352556976,0,0,0,0,0.1,0.376705839664,0,0
"369",6088839,"010801060302",0.119405,0.045111209,"VT",0,0,0,0,0.9,10.0324847699505,0,0,0,0,0.1,1.1147205299945,0,0
"370",6088843,"010801060201",10.287053,0.0627510233,"VT",0,0,0,0,1,15.5060916125465,0,0,0,0,0,0,0,0
"371",6088845,"010801060205",13.192336,0.1477541632,"VT",0,0,0,0,1,36.510792497536,0,0,0,0,0,0,0,0
"372",6088851,"010801060205",9.125956,0.0848713908,"VT",0,0,0,0,1,20.972145023634,0,0,0,0,0,0,0,0
"373",6088853,"010801060205",0.13083,0.006319089,"VT",0,0,0,0,0,0,1,1.561478487345,0,0,0,0,0,0
"374",6088855,"010801060205",4.369039,0.0152916365,"VT",0,0,0,0,1,3.7786398373325,0,0,0,0,0,0,0,0
"375",6088857,"010801060205",0.004082,0.0032656,"VT",0,0,0,0,0.9,0.7262514792,0,0,0,0,0.1,0.0806946088,0,0
"376",6088859,"010801060205",0.301044,0.0044855556,"VT",0,0,0,0,0,0,0.9,0.9975628948842,0,0,0.1,0.1108403216538,0,0
"377",6088873,"010801060201",2.702007,0.0072954189,"VT",0,0,0,0,1,1.8027344872845,0,0,0,0,0,0,0,0
"378",6088877,"010801060205",6.691278,0.0053530224,"VT",0,0,0,0,1,1.322758600152,0,0,0,0,0,0,0,0
"379",6088885,"010801060204",12.651364,0.0619916836,"VT",0,0,0,0,1,15.318454975978,0,0,0,0,0,0,0,0
"380",6088907,"010801060203",1.411001,0.0008466006,"VT",0,0,0,0,1,0.209199241263,0,0,0,0,0,0,0,0
"381",6088915,"010801060205",9.752954,0.0058517724,"VT",0,0,0,0,1,1.446002218902,0,0,0,0,0,0,0,0
"382",6088917,"010801060204",2.069014,0.0018621126,"VT",0,0,0,0,0,0,1,0.460137334023,0,0,0,0,0,0
"383",6088919,"010801060204",1.682073,0.0026913168,"VT",0,0,0,0,0,0,0.9,0.5985340540776,0,0,0.1,0.0665037837864,0,0
"384",6088923,"010801060203",1.650642,0.000825321,"VT",0,0,0,0,0,0,0.9,0.1835468511345,0,0,0.1,0.0203940945705,0,0
"385",6088933,"010801060501",0.110394,0.0044930358,"VT",0,0,0,0,1,1.110251611359,0,0,0,0,0,0,0,0
"386",6088939,"010801060203",5.031568,0,"VT",0,0,0,0,1,0,0,0,0,0,0,0,0,0
"387",6088947,"010801060501",2.765774,0.0019360418,"VT",0,0,0,0,0,0,0.9,0.4305650480901,0,0,0.1,0.0478405608989,0,0
"388",6088997,"010801060207",1.752592,0.0063093312,"VT",0,0,0,0,1,1.559067286176,0,0,0,0,0,0,0,0
"389",6089001,"010801060207",3.188046,0.0809763684,"VT",0,0,0,0,1,20.009665513482,0,0,0,0,0,0,0,0
"390",6089003,"010801060207",12.343885,0.064188202,"VT",0,0,0,0,1,15.86122565521,0,0,0,0,0,0,0,0
"391",6089005,"010801060207",9.398827,0.0319560118,"VT",0,0,0,0,0,0,0,0,0.9,7.1068412662551,0.1,0.7896490295839,0,0
"392",6089011,"010801060207",4.108211,0.0127354541,"VT",0,0,0,0,1,3.1469943853805,0,0,0,0,0,0,0,0
"393",6089013,"010801060205",5.378727,0.1000443222,"VT",0,0,0,0,1,24.721452237231,0,0,0,0,0,0,0,0
"394",6089017,"010801060207",1.917435,0.01533948,"VT",0,0,0,0,0.9,3.41141598486,0,0,0,0,0.1,0.37904622054,0,0
"395",6089035,"010801060207",0.860092,0.0639048356,"VT",0,0,0,0,1,15.791204400938,0,0,0,0,0,0,0,0
"396",6089037,"010801060207",2.515423,0.0052823883,"VT",0,0,0,0,0,0,0,0,1,1.3053045608715,0,0,0,0
"397",6089043,"010801060205",3.985717,0.0928672061,"VT",0,0,0,0,1,22.9479509633405,0,0,0,0,0,0,0,0
"398",6089045,"010801060501",9.596759,0.0441450914,"VT",0,0,0,0,1,10.908472810397,0,0,0,0,0,0,0,0
"399",6089047,"010801060501",5.570961,0.0206125557,"VT",0,0,0,0,1,5.0934655762485,0,0,0,0,0,0,0,0
"400",6089059,"010801060207",0.317822,0.0080726788,"VT",0,0,0,0,0.9,1.7953193653866,0,0,0,0,0.1,0.1994799294874,0,0
"401",6089061,"010801060207",0.922653,0.0117176931,"VT",0,0,0,0,0,0,0.9,2.60595049812795,0,0,0.1,0.28955005534755,0,0
"402",6089063,"010801060207",0.54313,0.021507948,"VT",0,0,0,0,0.9,4.783249341486,0,0,0,0,0.1,0.531472149054,0,0
"403",6089075,"010801060207",0.477009,0.0035775675,"VT",0,0,0,0,1,0.8840348170875,0,0,0,0,0,0,0,0
"404",6089077,"010801060201",0.890748,0.0089965548,"VT",0,0,0,0,0,0,0.9,2.0007843064686,0,0,0.1,0.2223093673854,0,0
"405",6089101,"010801060207",1.831872,0.0216160896,"VT",0,0,0,0,1,5.341443820608,0,0,0,0,0,0,0,0
"406",6089107,"010801060207",0.019147,0.0034809246,"VT",0,0,0,0,1,0.860153873283,0,0,0,0,0,0,0,0
"407",6089109,"010801060207",0.779949,0.0251143578,"VT",0,0,0,0,1,6.205883384169,0,0,0,0,0,0,0,0
"408",6089115,"010801060207",2.26066,0.010851168,"VT",0,0,0,0,0,0,0,0,1,2.68137786864,0,0,0,0
"409",6089117,"010801060207",0.002377,0.0007922541,"VT",0,0,0,0,1,0.1957699493805,0,0,0,0,0,0,0,0
"410",6089611,"010801060504",1.623558,0.0063318762,"VT",0,0,0,0,1,1.564638268401,0,0,0,0,0,0,0,0
"411",6089613,"010801060504",0.197572,0.0062630324,"VT",0,0,0,0,1,1.547626621202,0,0,0,0,0,0,0,0
"412",6089621,"010801060501",2.270454,0.0018163632,"VT",0,0,0,0,1,0.448832428536,0,0,0,0,0,0,0,0
"413",6089623,"010801060501",2.441667,0.0026858337,"VT",0,0,0,0,1,0.6636829364385,0,0,0,0,0,0,0,0
"414",6089627,"010801060504",0.97791,0.002738148,"VT",0,0,0,0,1,0.67661006154,0,0,0,0,0,0,0,0
"415",6089641,"010801060501",3.155651,0.0145159946,"VT",0,0,0,0,1,3.586974845633,0,0,0,0,0,0,0,0
"416",6089645,"010801060501",0.137139,0.0063632496,"VT",0,0,0,0,1,1.572390792408,0,0,0,0,0,0,0,0
"417",6089653,"010801060501",1.148087,0.0018369392,"VT",0,0,0,0,1,0.453916861016,0,0,0,0,0,0,0,0
"418",6089675,"010801060504",1.258618,0.0008810326,"VT",0,0,0,0,1,0.217707560623,0,0,0,0,0,0,0,0
"419",6089677,"010801060504",1.838748,0.0242714736,"VT",0,0,0,0,1,5.997602483928,0,0,0,0,0,0,0,0
"420",6089689,"010801060501",0.015681,0.0008718636,"VT",0,0,0,0,0.9,0.1938976693902,0,0,0,0,0.1,0.0215441854878,0,0
"421",6089701,"010801060503",1.202003,0.0026444066,"VT",0,0,0,0,0,0,0.9,0.5881014836037,0,0,0.1,0.0653446092893,0,0
"422",6089717,"010801060504",3.99883,0.012796256,"VT",0,0,0,0,1,3.16201883888,0,0,0,0,0,0,0,0
"423",6089739,"010801060503",0.455567,0.0054212473,"VT",0,0,0,0,1,1.3396173140665,0,0,0,0,0,0,0,0
"424",6089751,"010801060504",1.022079,0.0035772765,"VT",0,0,0,0,0,0,0,0,0.9,0.79556661857925,0.1,0.08839629095325,0,0
"425",6089755,"010801060504",0.475296,0.0053708448,"VT",0,0,0,0,0,0,1,1.327162604304,0,0,0,0,0,0
"426",6089765,"010801060503",3.17287,0.008249462,"VT",0,0,0,0,1,2.03848330751,0,0,0,0,0,0,0,0
"427",6089769,"010801060501",0.018104,0.0008617504,"VT",0,0,0,0,1,0.212942832592,0,0,0,0,0,0,0,0
"428",6089773,"010801060504",2.568551,0.0053939571,"VT",0,0,0,0,0,0,0.9,1.19958639227595,0,0,0.1,0.13328737691955,0,0
"429",6089783,"010801060501",0.11025,0.000915075,"VT",0,0,0,0,0,0,0,0,0,0,0.1,0.0226119607875,0,0
"430",6089791,"010801060504",0.270726,0.0017867916,"VT",0,0,0,0,0.9,0.3973726244862,0,0,0,0,0.1,0.0441525138318,0,0
"431",6089803,"010801060504",0.585674,0.0045096898,"VT",0,0,0,0,1,1.114366898029,0,0,0,0,0,0,0,0
"432",6089805,"010801060502",1.092576,0.0324495072,"VT",0,0,0,0,1,8.018435476656,0,0,0,0,0,0,0,0
"433",6089811,"010801060504",3.012236,0.0063256956,"VT",0,0,0,0,0,0,1,1.563111011238,0,0,0,0,0,0
"434",6089815,"010801060503",2.180193,0.0017441544,"VT",0,0,0,0,0,0,0.9,0.3878903457108,0,0,0.1,0.0430989273012,0,0
"435",6089819,"010801060503",0.536452,0.00268226,"VT",0,0,0,0,0,0,1,0.6627998573,0,0,0,0,0,0
"436",6089821,"010801060503",0.119885,0.005370848,"VT",0,0,0,0,0.9,1.194447055536,0,0,0,0,0.1,0.132716339504,0,0
"437",6089825,"010801060503",0.020025,0.0008710875,"VT",0,0,0,0,0.9,0.19372506901875,0,0,0,0,0.1,0.02152500766875,0,0
"438",6089829,"010801060503",0.747649,0.0135324469,"VT",0,0,0,0,1,3.3439352912245,0,0,0,0,0,0,0,0
"439",6089833,"010801060503",1.496735,0.001796082,"VT",0,0,0,0,0,0,0.9,0.399438758349,0,0,0.1,0.044382084261,0,0
"440",6089835,"010801060503",0.416135,0.005409755,"VT",0,0,0,0,1,1.336777509275,0,0,0,0,0,0,0,0
"441",6089837,"010801060503",1.601928,0.0027232776,"VT",0,0,0,0,0,0,1,0.672935511348,0,0,0,0,0,0
"442",6089845,"010801060503",1.492844,0.0207505316,"VT",0,0,0,0,1,5.127560111018,0,0,0,0,0,0,0,0
"443",6089853,"010801060503",0.203158,0.0008938952,"VT",0,0,0,0,0.9,0.1987973760564,0,0,0,0,0.1,0.0220885973396,0,0
"444",6089857,"010801060502",0.161801,0.0009060856,"VT",0,0,0,0,0,0,0,0,0,0,0.1,0.0223898282188,0,0
"445",6089867,"010801060502",0.145684,0.017991974,"VT",0,0,0,0,1,4.44590673527,0,0,0,0,0,0,0,0
"446",6089871,"010801060503",0.15006,0.001785714,"VT",0,0,0,0,0.9,0.397132972173,0,0,0,0,0.1,0.044125885797,0,0
"447",6089875,"010801060503",9.219834,0.0728366886,"VT",0,0,0,0,1,17.998309936503,0,0,0,0,0,0,0,0
"448",6089877,"010801060502",18.197688,0.027296532,"VT",0,0,0,0,0,0,0.9,6.070598585874,0,0,0.1,0.674510953986,0,0
"449",6089879,"010801060503",0.796412,0.0277947788,"VT",0,0,0,0,1,6.868228815374,0,0,0,0,0,0,0,0
"450",6089883,"010801060702",3.308038,0.0370500256,"VT",0,0,0,0,1,9.155246575888,0,0,0,0,0,0,0,0
"451",6089897,"010801060502",0.249783,0.0188586165,"VT",0,0,0,0,1,4.6600584302325,0,0,0,0,0,0,0,0
"452",6089903,"010801060502",0.106395,0.0128418765,"VT",0,0,0,0,0,0,0,0,0,0,0.1,0.31732918925325,0,0
"453",6089907,"010801060504",1.115953,0.0008927624,"VT",0,0,0,0,0,0,1,0.220606052852,0,0,0,0,0,0
"454",6089911,"010801060502",0.120487,0.0036266587,"VT",0,0,0,0,0.9,0.80654894825715,0,0,0,0,0.1,0.08961654980635,0,0
"455",6089925,"010801060503",0.120606,0.0026774532,"VT",0,0,0,0,0.9,0.5954508656874,0,0,0,0,0.1,0.0661612072986,0,0
"456",6089927,"010801060503",0.356419,0.0036354738,"VT",0,0,0,0,0.9,0.8085093780141,0,0,0,0,0.1,0.0898343753349,0,0
"457",6089931,"010801060503",1.304449,0.0170882819,"VT",0,0,0,0,1,4.2225998988995,0,0,0,0,0,0,0,0
"458",6089933,"010801060502",0.530292,0.0044544528,"VT",0,0,0,0,1,1.100717559144,0,0,0,0,0,0,0,0
"459",6089939,"010801060503",1.886101,0.0081102343,"VT",0,0,0,0,0,0,0.9,1.80367150203135,0,0,0.1,0.20040794467015,0,0
"460",6089947,"010801060502",1.584325,0.005386705,"VT",0,0,0,0,0,0,1,1.331081739025,0,0,0,0,0,0
"461",6089951,"010801060505",0.437476,0.0035873032,"VT",0,0,0,0,0.9,0.7977965015124,0,0,0,0,0.1,0.0886440557236,0,0
"462",6089959,"010801060505",0.787563,0.0575708553,"VT",0,0,0,0,0.9,12.8034415790159,0,0,0,0,0.1,1.42260461989065,0,0
"463",6089971,"010801060502",1.715084,0.0135491636,"VT",0,0,0,0,1,3.348066071378,0,0,0,0,0,0,0,0
"464",6089973,"010801060502",2.058837,0.0045294414,"VT",0,0,0,0,0,0,0.9,1.0073228554323,0,0,0.1,0.1119247617147,0,0
"465",6089995,"010801060505",1.319907,0.0125391165,"VT",0,0,0,0,1,3.0984783827325,0,0,0,0,0,0,0,0
"466",6089997,"010801060505",1.242059,0.0539053606,"VT",0,0,0,0,1,13.320284131063,0,0,0,0,0,0,0,0
"467",6089999,"010801060505",0.306881,0.0072117035,"VT",0,0,0,0,0.9,1.60384319403075,0,0,0,0,0.1,0.17820479933675,0,0
"468",6090003,"010801060505",0.804451,0.195481593,"VT",0,0,0,0,1,48.304479038265,0,0,0,0,0,0,0,0
"469",6090005,"010801060505",1.284519,0.2897874864,"VT",0,0,0,0,1,71.607936826872,0,0,0,0,0,0,0,0
"470",6090021,"010801060505",1.935594,0.0404539146,"VT",0,0,0,0,0,0,1,9.996364567233,0,0,0,0,0,0
"471",6090025,"010801060505",1.113044,0.0664487268,"VT",0,0,0,0,1,16.419812635914,0,0,0,0,0,0,0,0
"472",6090027,"010801060505",0.496927,0.0008944686,"VT",0,0,0,0,1,0.221027663403,0,0,0,0,0,0,0,0
"473",6090029,"010801060505",1.966723,0.0072768751,"VT",0,0,0,0,1,1.7981522215855,0,0,0,0,0,0,0,0
"474",6090031,"010801060702",0.410115,0.0017634945,"VT",0,0,0,0,0.9,0.39219147758025,0,0,0,0,0.1,0.04357683084225,0,0
"475",6090035,"010801060505",0.864598,0.0026802538,"VT",0,0,0,0,0,0,1,0.662304115249,0,0,0,0,0,0
"476",6090037,"010801060505",0.761086,0.0465784632,"VT",0,0,0,0,1,11.509771149036,0,0,0,0,0,0,0,0
"477",6090041,"010801060505",0.496599,0.0170830056,"VT",0,0,0,0,0.9,3.7991664889092,0,0,0,0,0.1,0.4221296098788,0,0
"478",6090045,"010801060505",0.01701,0.0042525,"VT",0,0,0,0,0.9,0.94573261125,0,0,0,0,0.1,0.10508140125,0,0
"479",6090051,"010801060505",0.177629,0.035703429,"VT",0,0,0,0,0.9,7.9402462407405,0,0,0,0,0.1,0.8822495823045,0,0
"480",6090059,"010801060505",1.589847,0.2901470775,"VT",0,0,0,0,1,71.6967935856375,0,0,0,0,0,0,0,0
"481",6090061,"010801060505",0.793032,0.1049974368,"VT",0,0,0,0,1,25.945391620464,0,0,0,0,0,0,0,0
"482",6090063,"010801060505",0.091169,0.02552732,"VT",0,0,0,0,0.9,5.67713556774,0,0,0,0,0.1,0.63079284086,0,0
"483",6090065,"010801060505",0.026381,0.0105524,"VT",0,0,0,0,0.9,2.3467957218,0,0,0,0,0.1,0.2607550802,0,0
"484",6090067,"010801060505",0.097249,0.0347956922,"VT",0,0,0,0,1,8.598189521081,0,0,0,0,0,0,0,0
"485",6090069,"010801060505",1.225183,0.013477013,"VT",0,0,0,0,1,3.330237297365,0,0,0,0,0,0,0,0
"486",6090071,"010801060505",1.195224,0.0027490152,"VT",0,0,0,0,1,0.679295400996,0,0,0,0,0,0,0,0
"487",6090075,"010801060505",0.209998,0.0218187922,"VT",0,0,0,0,1,5.391532646581,0,0,0,0,0,0,0,0
"488",6090077,"010801060505",0.037344,0.0043431072,"VT",0,0,0,0,0.9,0.9658831541904,0,0,0,0,0.1,0.1073203504656,0,0
"489",6090081,"010801060505",0.566861,0.0018139552,"VT",0,0,0,0,0.9,0.4034136597264,0,0,0,0,0.1,0.0448237399696,0,0
"490",6090085,"010801060505",1.516998,0.0063713916,"VT",0,0,0,0,1,1.574402721318,0,0,0,0,0,0,0,0
"491",6090091,"010801060505",0.109522,0.038606505,"VT",0,0,0,0,0,0,1,9.539860418025,0,0,0,0,0,0
"492",6090093,"010801060505",1.649552,0.009897312,"VT",0,0,0,0,1,2.44567528176,0,0,0,0,0,0,0,0
"493",6090095,"010801060505",0.737929,0.0017710296,"VT",0,0,0,0,0.9,0.3938672423772,0,0,0,0,0.1,0.0437630269308,0,0
"494",6090097,"010801060505",0.50481,0.007218783,"VT",0,0,0,0,0.9,1.6054176358935,0,0,0,0,0.1,0.1783797373215,0,0
"495",6090099,"010801060505",2.015114,0.0036272052,"VT",0,0,0,0,0,0,1,0.896300540946,0,0,0,0,0,0
"496",6090101,"010801060505",0.496358,0.0360852266,"VT",0,0,0,0,1,8.916839918993,0,0,0,0,0,0,0,0
"497",6090103,"010801060505",0.328556,0.0080824776,"VT",0,0,0,0,0.9,1.7974985646132,0,0,0,0,0.1,0.1997220627348,0,0
"498",6090105,"010801060505",0.69659,0.052313909,"VT",0,0,0,0,0,0,0,0,0,0,0.1,1.2927028483445,0,0
"499",6090107,"010801060505",0.017445,0.003489,"VT",0,0,0,0,0.9,0.7759344105,0,0,0,0,0.1,0.0862149345,0,0
"500",6090109,"010801060505",0.497348,0.0297414104,"VT",0,0,0,0,0.9,6.6143260952028,0,0,0,0,0.1,0.7349251216892,0,0
"501",6090115,"010801060505",0.157662,0.0045248994,"VT",0,0,0,0,0.9,1.0063127396133,0,0,0,0,0.1,0.1118125266237,0,0
"502",6090117,"010801060505",0.055114,0.0009038696,"VT",0,0,0,0,0.9,0.2010156277572,0,0,0,0,0.1,0.0223350697508,0,0
"503",6090119,"010801060505",1.11989,0.000895912,"VT",0,0,0,0,0,0,0,0,0,0,0.1,0.022138433476,0,0
"504",6090121,"010801060505",1.376727,0.0117021795,"VT",0,0,0,0,0,0,0,0,0,0,0.1,0.28916670653475,0,0
"505",6090123,"010801060505",0.488616,0.0072315168,"VT",0,0,0,0,1,1.786943958864,0,0,0,0,0,0,0,0
"506",6090125,"010801060505",0.497373,0.0045260943,"VT",0,0,0,0,1,1.1184205320015,0,0,0,0,0,0,0,0
"507",6090127,"010801060505",1.017907,0.0135381631,"VT",0,0,0,0,0.9,3.01081301354295,0,0,0,0,0.1,0.33453477928255,0,0
"508",6090129,"010801060505",0.155961,0.00623844,"VT",0,0,0,0,0.9,1.38739474458,0,0,0,0,0.1,0.15415497162,0,0
"509",6090133,"010801060703",0.518234,0.0008809978,"VT",0,0,0,0,1,0.217698961369,0,0,0,0,0,0,0,0
"510",6090155,"010801060502",1.145633,0.0162679886,"VT",0,0,0,0,1,4.019901323003,0,0,0,0,0,0,0,0
"511",6090157,"010801060502",2.377129,0.007131387,"VT",0,0,0,0,1,1.762201384635,0,0,0,0,0,0,0,0
"512",6090163,"010801060503",3.221867,0.0115987212,"VT",0,0,0,0,1,2.866102002126,0,0,0,0,0,0,0,0
"513",6090173,"010801060504",0.831814,0.0009149954,"VT",0,0,0,0,0.9,0.2034899444853,0,0,0,0,0.1,0.0226099938317,0,0
"514",6090175,"010801060504",0.623473,0.014339879,"VT",0,0,0,0,0.9,3.1891102202655,0,0,0,0,0.1,0.3543455800295,0,0
"515",6090187,"010801060502",1.649004,0.0125324304,"VT",0,0,0,0,0,0,1,3.096826213992,0,0,0,0,0,0
"516",6090189,"010801060502",2.460787,0.0125500137,"VT",0,0,0,0,1,3.1011711353385,0,0,0,0,0,0,0,0
"517",6090195,"010801060505",0.433035,0.0054129375,"VT",0,0,0,0,1,1.3375639209375,0,0,0,0,0,0,0,0
"518",6090197,"010801060502",1.925634,0.0071248458,"VT",0,0,0,0,0,0,0.9,1.5845265192681,0,0,0.1,0.1760585021409,0,0
"519",6090199,"010801060505",2.386212,0.0116924388,"VT",0,0,0,0,1,2.889260089674,0,0,0,0,0,0,0,0
"520",6090203,"010801060505",0.945891,0.0512672922,"VT",0,0,0,0,1,12.668404239081,0,0,0,0,0,0,0,0
"521",6090213,"010801060505",1.205996,0.001808994,"VT",0,0,0,0,1,0.44701146237,0,0,0,0,0,0,0,0
"522",6090221,"010801060501",2.150447,0.0341921073,"VT",0,0,0,0,1,8.4490406743665,0,0,0,0,0,0,0,0
"523",6090235,"010801060501",0.015977,0.0008883212,"VT",0,0,1,0.219508610126,0,0,0,0,0,0,0,0,0,0
"524",6090251,"010801060504",0.337201,0,"VT",0,0,0,0,1,0,0,0,0,0,0,0,0,0
"525",6090253,"010801060505",0.994772,0.0017905896,"VT",0,0,0,0,0,0,0.9,0.3982172787972,0,0,0.1,0.0442463643108,0,0
"526",6090255,"010801060502",0.125672,0.0026893808,"VT",0,0,0,0,0.9,0.5981034983256,0,0,0,0,0.1,0.0664559442584,0,0
"527",6090257,"010801060505",0.652417,0.0035882935,"VT",0,0,0,0,0.9,0.79801673878575,0,0,0,0,0.1,0.08866852653175,0,0
"528",6090265,"010801060505",0.053195,0.0018033105,"VT",0,0,0,0,0.9,0.40104633699225,0,0,0,0,0.1,0.04456070411025,0,0
"529",6090267,"010801060505",1.18422,0.02072385,"VT",0,0,0,0,1,5.12096695425,0,0,0,0,0,0,0,0
"530",6090271,"010801060505",0.883273,0.0781696605,"VT",0,0,0,0,0.9,17.3845025620672,0,0,0,0,0.1,1.93161139578525,0,0
"531",6090273,"010801060505",0.213497,0.0035867496,"VT",0,0,0,0,0.9,0.7976733839172,0,0,0,0,0.1,0.0886303759908,0,0
"532",6090275,"010801060505",0.094584,0.0027051024,"VT",1,0.668444328552,0,0,0,0,0,0,0,0,0,0,0,0
"533",6090277,"010801060502",0.016697,0.0008782622,"VT",0,0,0,0,1,0.217022980931,0,0,0,0,0,0,0,0
"534",6090285,"010801060502",0.586829,0.0080982402,"VT",0,0,0,0,1,2.001115644621,0,0,0,0,0,0,0,0
"535",6090291,"010801060503",1.321948,0.0071385192,"VT",0,0,0,0,0,0,0.9,1.5875674082244,0,0,0.1,0.1763963786916,0,0
"536",6090303,"010801060505",0.332992,0.0098565632,"VT",0,0,0,0,0.9,2.1920454445824,0,0,0,0,0.1,0.2435606049536,0,0
"537",6090305,"010801060505",0.11746,0.044153214,"VT",0,0,0,0,0.9,9.819431950923,0,0,0,0,0.1,1.091047994547,0,0
"538",6776475,"010801070203",1.854479,0.0044507496,"NH",0,0,0,0,0,0,1,1.099802479908,0,0,0,0,0,0
"539",6776487,"010801070203",0.475286,0.0009030434,"NH",0,0,0,0,0.9,0.2008318854213,0,0,0,0,0.1,0.0223146539357,0,0
"540",6776513,"010801070203",0.226632,0.0017903928,"NH",0,0,0,0,0.9,0.3981735115596,0,0,0,0,0.1,0.0442415012844,0,0
"541",6776537,"010801070203",0.521592,0.0017734128,"NH",0,0,0,0,0.9,0.3943972529496,0,0,0,0,0.1,0.0438219169944,0,0
"542",6777019,"010801070203",0.33152,0.000895104,"NH",0,0,0,0,0.9,0.199066206528,0,0,0,0,0.1,0.022118467392,0,0
"543",6777143,"010801070203",0.172051,0.0008946652,"NH",0,0,0,0,0.9,0.1989686198214,0,0,0,0,0.1,0.0221076244246,0,0
"544",9326348,"010801060102",1.452553,0.0098773604,"NH",0,0,0,0,1,2.440745141642,0,0,0,0,0,0,0,0
"545",9326376,"010801060102",0.089645,0.00806805,"NH",0,0,0,0,0.9,1.794289945725,0,0,0,0,0.1,0.199365549525,0,0
"546",9326712,"010801040201",0.572378,0.0009158048,"NH",0,0,0,0,0.9,0.2036699505936,0,0,0,0,0.1,0.0226299945104,0,0
"547",9326728,"010801040205",1.221394,0.070230155,"NH",0,0,0,0,0.9,15.6188002061475,0,0,0,0,0.1,1.7354222451275,0,0
"548",9326732,"010801040205",8.695104,0.0017390208,"NH",0,0,0,0,1,0.429720734784,0,0,0,0,0,0,0,0
"549",9326752,"010801040205",0.414526,0.0018239144,"VT",0,0,0,0,0.9,0.4056285310308,0,0,0,0,0.1,0.0450698367812,0,0
"550",9326754,"010801040205",1.759488,0.001759488,"VT",0,0,0,0,0.9,0.391300454016,0,0,0,0,0.1,0.043477828224,0,0
"551",9326756,"010801040202",1.699122,0.000849561,"NH",0,0,0,0,0,0,0,0,0,0,0.1,0.0209930770905,0,0
"552",9326758,"010801040202",0.727933,0.0008735196,"NH",0,0,0,0,0.9,0.1942659546822,0,0,0,0,0.1,0.0215851060758,0,0
"553",9326762,"010801040205",0.579801,0.0576322194,"VT",0,0,0,0,0.9,12.8170886173533,0,0,0,0,0.1,1.4241209574837,0,0
"554",9326764,"010801040205",1.723969,0.0027583504,"VT",0,0,0,0,0.9,0.6134419580328,0,0,0,0,0.1,0.0681602175592,0,0
"555",9326768,"010801040205",0.619125,0.06116955,"VT",0,0,0,0,0.9,13.603771487475,0,0,0,0,0.1,1.511530165275,0,0
"556",9326772,"010801040205",0.397271,0.0678538868,"VT",0,0,0,0,1,16.767034697714,0,0,0,0,0,0,0,0
"557",9326778,"010801040202",2.117854,0.012707124,"NH",0,0,0,0,0.9,2.825994488418,0,0,0,0,0.1,0.313999387602,0,0
"558",9326780,"010801040202",1.57981,0.013428385,"NH",0,0,0,0,0.9,2.9863989678825,0,0,0,0,0.1,0.3318221075425,0,0
"559",9326782,"010801040202",1.020989,0.0188882965,"NH",0,0,0,0,0.9,4.20065325596925,0,0,0,0,0.1,0.46673925066325,0,0
"560",9326802,"010801040203",1.172445,0.000937956,"NH",0,0,0,0,0,0,0,0,0,0,0.1,0.023177361738,0,0
"561",9326822,"010801040205",2.10646,0.002738398,"VT",0,0,0,0,0.9,0.609004654011,0,0,0,0,0.1,0.067667183779,0,0
"562",9326834,"010801040205",0.624204,0.0637312284,"VT",0,0,0,0,0.9,14.1734746744038,0,0,0,0,0.1,1.5748305193782,0,0
"563",9326836,"010801040205",0.902384,0.0621742576,"VT",0,0,0,0,1,15.363569924248,0,0,0,0,0,0,0,0
"564",9326852,"010801040204",0.009037,0.0009037,"NH",0,0,0,0,1,0.2233087885,0,0,0,0,0,0,0,0
"565",9326854,"010801040204",2.582749,0.0054237729,"NH",0,0,0,0,0,0,0,0,0,0,0.1,0.13402414024545,0,0
"566",9326922,"010801040402",2.419807,0.0016938649,"VT",0,0,0,0,0,0,0,0,0,0,0.1,0.04185624861145,0,0
"567",9326924,"010801040402",4.895337,0.0034267359,"VT",0,0,0,0,0,0,0,0,1,0.8467635745695,0,0,0,0
"568",9326930,"010801040402",1.670897,0.0098582923,"VT",0,0,0,0,0.9,2.19242998691235,0,0,0,0,0.1,0.24360333187915,0,0
"569",9326942,"010801040402",2.96863,0.010687068,"NH",0,0,0,0,0.9,2.376745144326,0,0,0,0,0.1,0.264082793814,0,0
"570",9326944,"010801040402",0.681752,0,"NH",0,0,0,0,0.9,0,0,0,0,0,0.1,0,0,0
"571",9326948,"010801040402",0.022138,0.0042571374,"NH",0,0,0,0,0.9,0.9467639435043,0,0,0,0,0.1,0.1051959937227,0,0
"572",9326956,"010801040402",2.313236,0.0261395668,"VT",0,0,0,0,0.9,5.8132958887026,0,0,0,0,0.1,0.6459217654114,0,0
"573",9326958,"010801040402",1.980101,0.0314836059,"VT",0,0,0,0,0.9,7.00178079232755,0,0,0,0,0.1,0.77797564359195,0,0
"574",9326960,"010801040402",0.944692,0.0045345216,"VT",0,0,0,0,0.9,1.0084526639712,0,0,0,0,0.1,0.1120502959968,0,0
"575",9326962,"010801040402",0.052381,0.0027080977,"VT",0,0,0,0,0.9,0.60226603394265,0,0,0,0,0.1,0.06691844821585,0,0
"576",9326964,"010801040402",2.750635,0.0107274765,"VT",0,0,0,0,0,0,0.9,2.38573177247925,0,0,0.1,0.26508130805325,0,0
"577",9326976,"010801040402",0.234894,0.0008925972,"NH",0,0,0,0,0.9,0.1985087079954,0,0,0,0,0.1,0.0220565231106,0,0
"578",9326988,"010801060101",0.225915,0.00090366,"NH",0,0,0,0,1,0.2232989043,0,0,0,0,0,0,0,0
"579",9326996,"010801040401",1.140788,0.0044490732,"NH",0,0,0,0,0.9,0.9894494097774,0,0,0,0,0.1,0.1099388233086,0,0
"580",9327000,"010801060101",0.160501,0.0008988056,"NH",0,0,0,0,0.9,0.1998894220092,0,0,0,0,0.1,0.0222099357788,0,0
"581",9327012,"010801040401",0.471957,0.0080704647,"NH",0,0,0,0,0.9,1.79482696172415,0,0,0,0,0.1,0.19942521796935,0,0
"582",9327028,"010801040401",1.504525,0.2983473075,"NH",0,0,0,0,1,73.7231114197875,0,0,0,0,0,0,0,0
"583",9327030,"010801040401",1.199747,0.0639465151,"NH",0,0,0,0,0.9,14.2213532524069,0,0,0,0,0.1,1.58015036137855,0,0
"584",9327032,"010801040401",0.789117,0.03156468,"NH",0,0,0,0,0.9,7.01981122626,0,0,0,0,0.1,0.77997902514,0,0
"585",9327036,"010801040401",1.333131,0.0117315528,"NH",0,0,0,0,0,0,0,0,0,0,0.1,0.2898925354644,0,0
"586",9327052,"010801040401",6.121056,0.009181584,"NH",0,0,0,0,0,0,0.9,2.041933782888,0,0,0.1,0.226881531432,0,0
"587",9327062,"010801040402",0.476572,0.098173832,"VT",0,0,0,0,0.9,21.833320280724,0,0,0,0,0.1,2.425924475636,0,0
"588",9327092,"010801060105",6.703556,0.003351778,"NH",0,0,0,0,1,0.82824110269,0,0,0,0,0,0,0,0
"589",9327104,"010801060102",0.165472,0.003557648,"NH",0,0,0,0,0.9,0.791201348136,0,0,0,0,0.1,0.087911260904,0,0
"590",9327116,"010801060102",5.923757,0.1605338147,"NH",0,0,0,0,1,39.6687082814435,0,0,0,0,0,0,0,0
"591",9327126,"010801060106",0.029946,0.0145178208,"NH",0,0,0,0,0.9,3.2286834979056,0,0,0,0,0.1,0.3587426108784,0,0
"592",9327132,"010801060106",0.042913,0.0128739,"NH",0,0,0,0,0.9,2.86308455355,0,0,0,0,0.1,0.31812050595,0,0
"593",9327142,"010801060105",0.07759,0.002707891,"NH",0,0,0,0,0.9,0.6022200649995,0,0,0,0,0.1,0.0669133405555,0,0
"594",9327156,"010801060106",6.281912,0.059678164,"NH",0,0,0,0,1,14.74677271522,0,0,0,0,0,0,0,0
"595",9327158,"010801060106",0.448205,0.056115266,"NH",0,0,0,0,0.9,12.479726524437,0,0,0,0,0.1,1.386636280493,0,0
"596",9327160,"010801060106",0.249675,0.03785073,"NH",0,0,0,0,0.9,8.417794172985,0,0,0,0,0.1,0.935310463665,0,0
"597",9327164,"010801060105",0.391348,0.0144016064,"NH",0,0,0,0,0,0,0,0,0,0,0.1,0.3558708949472,0,0
"598",9327174,"010801060106",0.377383,0.0815902046,"NH",0,0,0,0,0.9,18.1452127569147,0,0,0,0,0.1,2.0161347507683,0,0
"599",9327180,"010801060302",2.065327,0.1410618341,"VT",0,0,0,0,0,0,0.9,31.3713760637525,0,0,0.1,3.48570845152805,0,0
"600",9327182,"010801060302",0.930475,0.07741552,"NH",0,0,0,0,0.9,17.21678586264,0,0,0,0,0.1,1.91297620696,0,0
"601",9327198,"010801060301",3.07096,0.117310672,"NH",0,0,0,0,0,0,0,0,0,0,0.1,2.898805360456,0,0
"602",9327206,"010801060106",0.141942,0.0009084288,"NH",0,0,0,0,0.9,0.2020295687616,0,0,0,0,0.1,0.0224477298624,0,0
"603",9327218,"010801060106",1.170459,0.0009363672,"NH",0,0,0,0,0,0,0,0,0,0,0.1,0.0231381016956,0,0
"604",9327224,"010801060302",3.202858,0.0342705806,"NH",0,0,0,0,0,0,0,0,0,0,0.1,0.8468431819163,0,0
"605",9327230,"010801060302",0.423885,0.177268707,"NH",0,0,0,0,0.9,39.4235854589115,0,0,0,0,0.1,4.3803983843235,0,0
"606",9327244,"010801060301",2.56524,0.001026096,"NH",0,0,0,0,1,0.25355345208,0,0,0,0,0,0,0,0
"607",9327248,"010801060301",0.432618,0.0026822316,"NH",0,0,0,0,0.9,0.5965135555662,0,0,0,0,0.1,0.0662792839518,0,0
"608",9327252,"010801060106",0.971573,0.0008744157,"NH",0,0,0,0,0,0,0,0,0,0,0.1,0.02160724915485,0,0
"609",9327284,"010801060301",6.398319,0.0147161337,"NH",0,0,0,0,1,3.6364302179385,0,0,0,0,0,0,0,0
"610",9327306,"010801060302",1.383702,0.0862046346,"VT",0,0,0,0,0,0,0,0,0,0,0.1,2.1301596232833,0,0
"611",9327330,"010801060303",0.947784,0.074874936,"NH",0,0,0,0,0,0,0,0,0,0,0.1,1.850197106028,0,0
"612",9327336,"010801060302",0.196501,0.0009039046,"VT",0,0,0,0,0.9,0.2010234115647,0,0,0,0,0.1,0.0223359346183,0,0
"613",9327348,"010801060302",0.487934,0.0062455552,"VT",0,0,0,0,1,1.543307917696,0,0,0,0,0,0,0,0
"614",9327374,"010801060302",0.820495,0.0009025445,"VT",0,0,0,0,0.9,0.20072093280525,0,0,0,0,0.1,0.02230232586725,0,0
"615",9327378,"010801060303",0.929619,0.026958951,"NH",0,0,0,0,0.9,5.9955224281695,0,0,0,0,0.1,0.6661691586855,0,0
"616",9327380,"010801060303",1.592544,0.0224548704,"NH",0,0,0,0,0,0,0,0,0,0,0.1,0.5548710750192,0,0
"617",9327392,"010801060303",0.982161,0.0017678898,"NH",0,0,0,0,0.9,0.3931689681261,0,0,0,0,0.1,0.0436854409029,0,0
"618",9327412,"010801060401",5.069437,0.1252150939,"NH",0,0,0,0,1,30.9412757781595,0,0,0,0,0,0,0,0
"619",9327436,"010801060401",2.062005,0.0323734785,"NH",0,0,0,0,1,7.9996484047425,0,0,0,0,0,0,0,0
"620",9327452,"010801060305",0.129653,0.003630284,"VT",0,0,1,0.89706132782,0,0,0,0,0,0,0,0,0,0
"621",9327464,"010801060303",0.215117,0.0161983101,"NH",0,0,0,0,0.9,3.60241507553445,0,0,0,0,0.1,0.40026834172605,0,0
"622",9327466,"010801060305",1.375805,0.003577093,"VT",0,0,0,0,0.9,0.7955258091885,0,0,0,0,0.1,0.0883917565765,0,0
"623",9327470,"010801060305",0.247252,0.0088516216,"VT",0,0,0,0,0.9,1.9685519599212,0,0,0,0,0.1,0.2187279955468,0,0
"624",9327488,"010801060304",0.07152,0.000908304,"VT",0,0,0,0,0.9,0.202001813928,0,0,0,0,0.1,0.022444645992,0,0
"625",9327514,"010801040205",1.86252,0.02514402,"NH",0,0,0,0,0.9,5.59189175589,0,0,0,0,0.1,0.62132130621,0,0
"626",9327544,"010801040402",0.672912,0.0035664336,"NH",0,0,0,0,0.9,0.7931552172552,0,0,0,0,0.1,0.0881283574728,0,0
"627",9327568,"010801040402",1.931587,0.0171911243,"NH",0,0,0,0,0.9,3.82321149313635,0,0,0,0,0.1,0.42480127701515,0,0
"628",9327572,"010801040402",1.669762,0.0432468358,"NH",0,0,0,0,0.9,9.6178584243231,0,0,0,0,0.1,1.0686509360359,0,0
"629",9327576,"010801040401",2.247296,0.0197762048,"NH",0,0,0,0,0,0,0,0,0,0,0.1,0.4886799087104,0,0
"630",9327604,"010801060106",8.647319,0.2326128811,"NH",0,0,0,0,1,57.4798059842155,0,0,0,0,0,0,0,0
"631",9327628,"010801060302",2.640801,0.0036971214,"VT",0,0,0,0,1,0.913577183547,0,0,0,0,0,0,0,0
"632",9327650,"010801040205",0.702819,0.248095107,"NH",0,0,0,0,0.9,55.1749872737115,0,0,0,0,0.1,6.1305541415235,0,0
"633",9327654,"010801040205",1.629657,0.286819632,"NH",0,0,0,0,0.9,63.787108648824,0,0,0,0,0.1,7.087456516536,0,0
"634",9327658,"010801040205",0.480057,0.0009121083,"NH",0,0,0,0,0.9,0.20284786932435,0,0,0,0,0.1,0.02253865214715,0,0
"635",9327666,"010801040205",0.18368,0.005271616,"VT",0,0,0,0,0.9,1.172378404512,0,0,0,0,0.1,0.130264267168,0,0
"636",9327674,"010801040205",0.554619,0.0008873904,"VT",0,0,0,0,0.9,0.1973507443128,0,0,0,0,0.1,0.0219278604792,0,0
"637",9327676,"010801040205",0.764548,0.002675918,"NH",0,0,0,0,0.9,0.595109445651,0,0,0,0,0.1,0.066123271739,0,0
"638",9327678,"010801040205",0.77214,0.004555626,"VT",0,0,0,0,0.9,1.013146166457,0,0,0,0,0.1,0.112571796273,0,0
"639",9327682,"010801040205",0.074611,0.0044915822,"VT",0,0,0,0,0.9,0.9989031775779,0,0,0,0,0.1,0.1109892419531,0,0
"640",9327684,"010801040205",1.411958,0.1486791774,"VT",0,0,0,0,0.9,33.0654313182843,0,0,0,0,0.1,3.6739368131427,0,0
"641",9327692,"010801040205",0.396262,0.0278175924,"NH",0,0,0,0,1,6.873866170002,0,0,0,0,0,0,0,0
"642",9327700,"010801040205",1.920874,0.6928592518,"NH",0,0,0,0,0.9,154.088086874435,0,0,0,0,0.1,17.1208985416039,0,0
"643",9327702,"010801040205",1.910006,0.460311446,"NH",0,0,0,0,0,0,0,0,0,0,0.1,11.374525986383,0,0
"644",9327704,"010801040205",0.038453,0.0062601484,"NH",0,0,0,0,0.9,1.3922225733438,0,0,0,0,0.1,0.1546913970382,0,0
"645",9327706,"010801040205",0.696178,0.1749495314,"NH",0,0,0,0,0.9,38.9078135609373,0,0,0,0,0.1,4.3230903956597,0,0
"646",9327714,"010801040205",2.359866,0.0962825328,"NH",0,0,0,0,0.9,21.4127057407896,0,0,0,0,0.1,2.3791895267544,0,0
"647",9327730,"010801040205",1.883081,0.2960203332,"NH",0,0,0,0,0.9,65.8332939918474,0,0,0,0,0.1,7.3148104435386,0,0
"648",9327734,"010801040205",0.252339,0.0035832138,"NH",0,0,0,0,0.9,0.7968870414441,0,0,0,0,0.1,0.0885430046049,0,0
"649",9327738,"010801040402",2.923546,0.2239436236,"NH",0,0,0,0,0.9,49.8038301987102,0,0,0,0,0.1,5.5337589109678,0,0
"650",9327740,"010801040402",0.011167,0.0008587423,"NH",0,0,0,0,0.9,0.19097956443735,0,0,0,0,0.1,0.02121995160415,0,0
"651",9327748,"010801040402",1.090939,0.0315281371,"NH",0,0,0,0,0.9,7.01168428628595,0,0,0,0,0.1,0.77907603180955,0,0
"652",9327754,"010801040402",1.037539,0.034238787,"NH",0,0,0,0,0.9,7.6145179154715,0,0,0,0,0.1,0.8460575461635,0,0
"653",9327756,"010801040402",1.273299,0.045838764,"NH",0,0,0,0,1,11.32698777822,0,0,0,0,0,0,0,0
"654",9327758,"010801040402",0.035346,0.0035346,"NH",0,0,0,0,0.9,0.7860755997,0,0,0,0,0.1,0.0873417333,0,0
"655",9327760,"010801040402",1.471787,0.0253147364,"NH",0,0,0,0,0.9,5.6298581443098,0,0,0,0,0.1,0.6255397938122,0,0
"656",9327764,"010801040402",0.185835,0.0090129975,"NH",0,0,0,0,0.9,2.00444107251375,0,0,0,0,0.1,0.22271567472375,0,0
"657",9327766,"010801040402",0.076702,0.0027075806,"NH",0,0,0,0,0.9,0.6021510337467,0,0,0,0,0.1,0.0669056704163,0,0
"658",9327768,"010801040402",0.007304,0.0024344232,"NH",0,0,0,0,0.9,0.5414023303524,0,0,0,0,0.1,0.0601558144836,0,0
"659",9327770,"010801040402",0.326427,0.0545459517,"NH",0,0,0,0,0.9,12.1307196553457,0,0,0,0,0.1,1.34785773948285,0,0
"660",9327774,"010801040402",0.137984,0.0027044864,"NH",0,0,0,0,0.9,0.6014629006848,0,0,0,0,0.1,0.0668292111872,0,0
"661",9327776,"010801060103",0.464677,0.0008828863,"NH",0,0,0,0,0.9,0.19634905724535,0,0,0,0,0.1,0.02181656191615,0,0
"662",9327782,"010801040402",1.008729,0.0361124982,"NH",0,0,0,0,0.9,8.0312209809399,0,0,0,0,0.1,0.8923578867711,0,0
"663",9327784,"010801060103",0.229563,0.0008952957,"NH",0,0,0,0,0.9,0.19910883955365,0,0,0,0,0.1,0.02212320439485,0,0
"664",9327788,"010801040402",1.016002,0.140716277,"NH",0,0,0,0,0,0,0,0,0,0,0.1,3.4771695628085,0,0
"665",9327792,"010801040402",2.388592,0.003582888,"NH",0,0,0,0,0,0,0,0,0,0,0.1,0.088534953924,0,0
"666",9327798,"010801060103",0.451773,0.0080867367,"NH",0,0,0,0,0.9,1.79844576502815,0,0,0,0,0.1,0.19982730722535,0,0
"667",9327802,"010801040402",1.36283,0.068277783,"NH",0,0,0,0,0.9,15.1846034113935,0,0,0,0,0.1,1.6871781568215,0,0
"668",9327806,"010801040402",0.146999,0.018815872,"VT",0,0,0,0,0.9,4.184546445504,0,0,0,0,0.1,0.464949605056,0,0
"669",9327808,"010801040402",0.771358,0.2011701664,"NH",0,0,0,0,0.9,44.7391385714448,0,0,0,0,0.1,4.9710153968272,0,0
"670",9327810,"010801040402",0.23833,0.027193453,"NH",0,0,0,0,0.9,6.0476743832085,0,0,0,0,0.1,0.6719638203565,0,0
"671",9327812,"010801040402",0.236308,0.0045371136,"NH",0,0,0,0,0.9,1.0090291105152,0,0,0,0,0.1,0.1121143456128,0,0
"672",9327816,"010801040402",0.068389,0.000889057,"VT",0,0,1,0.219690429985,0,0,0,0,0,0,0,0,0,0
"673",9327820,"010801040402",1.052453,0.0017891701,"NH",0,0,0,0,1,0.4421128775605,0,0,0,0,0,0,0,0
"674",9327824,"010801040402",0.121383,0.0154035027,"NH",0,0,0,0,0.9,3.42565428121515,0,0,0,0,0.1,0.38062825346835,0,0
"675",9327828,"010801060105",0.138123,0.0071271468,"NH",0,0,0,0,0.9,1.5850382490126,0,0,0,0,0.1,0.1761153610014,0,0
"676",9327830,"010801060105",0.010712,0.0009737208,"NH",0,0,0,0,0.9,0.2165501504556,0,0,0,0,0.1,0.0240611278284,0,0
"677",9327832,"010801060105",0.061732,0.0141119352,"NH",0,0,0,0,0.9,3.1384167728364,0,0,0,0,0.1,0.3487129747596,0,0
"678",9327834,"010801060105",0.709747,0.0009226711,"NH",0,0,0,0,0.9,0.20519697794895,0,0,0,0,0.1,0.02279966421655,0,0
"679",9327846,"010801060106",0.409962,0.0107820006,"NH",0,0,0,0,0.9,2.3978576324367,0,0,0,0,0.1,0.2664286258263,0,0
"680",9327850,"010801060106",0.042796,0.00085592,"NH",0,0,0,0,0.9,0.19035190044,0,0,0,0,0.1,0.02115021116,0,0
"681",9327858,"010801060105",0.40446,0.000889812,"NH",0,0,0,0,0.9,0.197889294834,0,0,0,0,0.1,0.021987699426,0,0
"682",9327864,"010801060105",0.325221,0.0287495364,"NH",0,0,0,0,0.9,6.3937387729098,0,0,0,0,0.1,0.7104154192122,0,0
"683",9327868,"010801060106",0.183395,0.039356567,"NH",0,0,0,0,0.9,8.7526840396815,0,0,0,0,0.1,0.9725204488535,0,0
"684",9327876,"010801060302",0.466491,0.0831753453,"NH",0,0,0,0,0.9,18.4977393303208,0,0,0,0,0.1,2.05530437003565,0,0
"685",9327878,"010801060302",0.00941,0.001568647,"NH",0,0,0,0,0.9,0.3488584652415,0,0,0,0,0.1,0.0387620516935,0,0
"686",9327884,"010801060104",0.112746,0.003495126,"NH",0,0,0,0,1,0.86366311023,0,0,0,0,0,0,0,0
"687",9327886,"010801060302",1.495794,0.114428241,"NH",0,0,0,0,0.9,25.4482114430745,0,0,0,0,0.1,2.8275790492305,0,0
"688",9327888,"010801060302",0.008757,0.0017514,"NH",0,0,0,0,0.9,0.3895017273,0,0,0,0,0.1,0.0432779697,0,0
"689",9327894,"010801060302",1.152775,0.0522207075,"NH",0,0,0,0,0.9,11.6135981341088,0,0,0,0,0.1,1.29039979267875,0,0
"690",9327896,"010801060302",2.213371,0.1124392468,"NH",0,0,0,0,0.9,25.0058700724626,0,0,0,0,0.1,2.7784300080514,0,0
"691",9327904,"010801060302",0.70124,0.024262904,"NH",0,0,0,0,0.9,5.395936403628,0,0,0,0,0.1,0.599548489292,0,0
"692",9327908,"010801060302",0.028501,0.0008892312,"NH",0,0,0,0,0.9,0.1977601281084,0,0,0,0,0.1,0.0219733475676,0,0
"693",9327910,"010801060302",1.293087,0.091809177,"NH",0,0,0,0,0.9,20.4178560143265,0,0,0,0,0.1,2.2686506682585,0,0
"694",9327914,"010801060302",0.024344,0.0017381616,"NH",0,0,0,0,0.9,0.3865575799512,0,0,0,0,0.1,0.0429508422168,0,0
"695",9327930,"010801060302",1.020576,0.255144,"NH",0,0,0,0,0.9,56.742622308,0,0,0,0,0.1,6.304735812,0,0
"696",9327946,"010801060302",0.701076,0.0009113988,"NH",0,0,0,0,0.9,0.2026900804266,0,0,0,0,0.1,0.0225211200474,0,0
"697",9327948,"010801060302",0.552045,0.030693702,"NH",0,0,0,0,1,7.58456723271,0,0,0,0,0,0,0,0
"698",9327952,"010801060302",0.156693,0.0063460665,"NH",0,0,0,0,0.9,1.41133028623425,0,0,0,0,0.1,0.15681447624825,0,0
"699",9327954,"010801060302",0.527169,0.0125466222,"NH",0,0,0,0,0.9,2.7902997708579,0,0,0,0,0.1,0.3100333078731,0,0
"700",9327966,"010801060302",0.414288,0.0143757936,"NH",1,3.552330477528,0,0,0,0,0,0,0,0,0,0,0,0
"701",9327970,"010801060302",1.888282,0.01888282,"NH",0,0,0,0,0.9,4.19943531249,0,0,0,0,0.1,0.46660392361,0,0
"702",9327978,"010801060302",0.221775,0.0009092775,"VT",0,0,0,0,0.9,0.20221831497375,0,0,0,0,0.1,0.02246870166375,0,0
"703",9327980,"010801060302",2.120928,0.1836723648,"NH",0,0,0,0,0,0,0,0,0,0,0.1,4.5386359703904,0,0
"704",9327988,"010801060101",0.084236,0.0008929016,"NH",0,0,0,0,1,0.220640449868,0,0,0,0,0,0,0,0
"705",9328014,"010801060106",0.0045,0.0009,"NH",0,0,0,0,1,0.2223945,0,0,0,0,0,0,0,0
"706",9328048,"010801060106",0.3384,0.0027072,"NH",0,0,0,0,0.9,0.6020663904,0,0,0,0,0.1,0.0668962656,0,0
"707",9328062,"010801060301",2.246382,0.0062898696,"NH",0,0,0,0,0,0,0,0,0,0,0.1,0.1554258227508,0,0
"708",9328628,"010801060303",0.019418,0,"NH",0,0,0,0,1,0,0,0,0,0,0,0,0,0
"709",9328646,"010801060401",0.012197,0.0026138171,"NH",0,0,0,0,0.9,0.58129854704595,0,0,0,0,0.1,0.06458872744955,0,0
"710",9328658,"010801060304",0.114304,0.0008915712,"VT",0,0,0,0,0.9,0.1982805312384,0,0,0,0,0.1,0.0220311701376,0,0
"711",9328662,"010801060305",1.086297,0.0071695602,"VT",0,0,0,0,0.9,1.5944707558989,0,0,0,0,0.1,0.1771634173221,0,0
"712",9328664,"010801060304",0.379789,0.0017850083,"VT",0,0,0,0,0.9,0.39697602837435,0,0,0,0,0.1,0.04410844759715,0,0
"713",9328666,"010801060303",0.63013,0.001764364,"NH",0,0,0,0,0,0,0,0,0,0,0.1,0.043598316622,0,0
"714",9328692,"010801060303",1.366314,0.0017762082,"NH",0,0,0,0,1,0.438909927261,0,0,0,0,0,0,0,0
"715",9328694,"010801060303",0.438339,0.080654376,"NH",0,0,0,0,0.9,17.937089623332,0,0,0,0,0.1,1.993009958148,0,0
"716",9328710,"010801060304",0.814798,0.0008962778,"VT",0,0,0,0,0.9,0.1993272531921,0,0,0,0,0.1,0.0221474725769,0,0
"717",9328718,"010801060305",0.669665,0.0018080955,"NH",0,0,0,0,0.9,0.40211049467475,0,0,0,0,0.1,0.04467894385275,0,0
"718",9328720,"010801060404",0.108472,0.0026901056,"NH",0,0,0,0,0.9,0.5982646898592,0,0,0,0,0.1,0.0664738544288,0,0
"719",9328724,"010801060305",1.101307,0.1362316759,"VT",0,0,0,0,0,0,0,0,0,0,0.1,3.36635282732695,0,0
"720",9328728,"010801060305",1.325079,0.002650158,"NH",0,0,0,0,0.9,0.589380563331,0,0,0,0,0.1,0.065486729259,0,0
"721",9328738,"010801060305",0.175035,0.001785357,"NH",0,0,0,0,0.9,0.3970535773365,0,0,0,0,0.1,0.0441170641485,0,0
"722",9328740,"010801060305",0.21544,0.045070048,"VT",0,0,0,0,0.9,10.023330789936,0,0,0,0,0.1,1.113703421104,0,0
"723",9328756,"010801060404",4.891266,0.0151629246,"NH",0,0,0,0,1,3.746834483283,0,0,0,0,0,0,0,0
"724",9328760,"010801060404",0.005091,0.0008486697,"NH",0,0,0,0,0.9,0.18873947359665,0,0,0,0,0.1,0.02097105262185,0,0
"725",9328762,"010801060305",0.967434,0.0035795058,"NH",0,0,0,0,0,0,0,0,0,0,0.1,0.0884513780709,0,0
"726",9328772,"010801060305",0.456918,0.000913836,"NH",0,0,1,0.22581344478,0,0,0,0,0,0,0,0,0,0
"727",9328774,"010801060305",0.236547,0.0018214119,"NH",0,0,0,0,0.9,0.40507198879455,0,0,0,0,0.1,0.04500799875495,0,0
"728",9328776,"010801060305",1.138197,0.004552788,"NH",0,0,0,0,0.9,1.012515010866,0,0,0,0,0.1,0.112501667874,0,0
"729",9328780,"010801060304",1.400254,0.0081214732,"VT",0,0,0,0,0,0,0.9,1.8061709715774,0,0,0.1,0.2006856635086,0,0
"730",9328782,"010801060305",0.775788,0.0044995704,"NH",0,0,0,0,0.9,1.0006797093228,0,0,0,0,0.1,0.1111866343692,0,0
"731",9328784,"010801060305",0.488258,0.0036131092,"NH",0,0,0,0,0.9,0.8035356139794,0,0,0,0,0.1,0.0892817348866,0,0
"732",9328792,"010801060304",0.962872,0.0053920832,"VT",0,0,0,0,0,0,0,0,0,0,0.1,0.1332410719136,0,0
"733",9328794,"010801060304",0.117755,0.001789876,"VT",0,0,0,0,0.9,0.398058578082,0,0,0,0,0.1,0.044228730898,0,0
"734",9328804,"010801060305",0.664296,0.0035871984,"NH",0,0,0,0,0.9,0.7977731945688,0,0,0,0,0.1,0.0886414660632,0,0
"735",9328836,"010801060304",0.552664,0.0502371576,"VT",0,0,0,0,0.9,11.1724675458732,0,0,0,0,0.1,1.2413852828748,0,0
"736",9328840,"010801060305",1.230828,0.0008615796,"NH",0,0,0,0,0.9,0.1916105643522,0,0,0,0,0.1,0.0212900627058,0,0
"737",9328844,"010801060404",3.117004,0.0009351012,"NH",0,0,0,0,1,0.231068182026,0,0,0,0,0,0,0,0
"738",9328854,"010801060304",0.331893,0.0035844444,"VT",0,0,0,0,0.9,0.7971607201158,0,0,0,0,0.1,0.0885734133462,0,0
"739",9328860,"010801060304",1.285635,0.0062996115,"VT",0,0,0,0,0,0,0,0,0,0,0.1,0.15566654997075,0,0
"740",9328876,"010801060304",1.094019,0.0008752152,"VT",0,0,0,0,0.9,0.1946430467964,0,0,0,0,0.1,0.0216270051996,0,0
"741",9328888,"010801060305",0.697872,0.0044663808,"NH",0,0,0,0,0,0,0,0,0,0,0.1,0.1103665027584,0,0
"742",9328892,"010801060305",0.445619,0.0027182759,"NH",0,0,0,0,0.9,0.60452960964255,0,0,0,0,0.1,0.06716995662695,0,0
"743",9328902,"010801060305",1.779372,0.002669058,"NH",0,0,0,0,0.9,0.593583819381,0,0,0,0,0.1,0.065953757709,0,0
"744",9328904,"010801060304",0.266899,0.0252486454,"VT",0,0,0,0,0.9,5.6151598694103,0,0,0,0,0.1,0.6239066521567,0,0
"745",9328920,"010801060305",0.438265,0.0009203565,"NH",0,0,0,0,0.9,0.20468222363925,0,0,0,0,0.1,0.02274246929325,0,0
"746",9328932,"010801060304",0.407634,0.0252325446,"VT",0,0,0,0,0.9,5.6115791400447,0,0,0,0,0.1,0.6235087933383,0,0
"747",9328934,"010801060304",0.422455,0.0045202685,"VT",0,0,0,0,0.9,1.00528285292325,0,0,0,0,0.1,0.11169809476925,0,0
"748",9328938,"010801060305",0.315278,0.0053912538,"NH",0,0,0,0,0.9,1.1989851932241,0,0,0,0,0.1,0.1332205770249,0,0
"749",9328940,"010801060304",0.329632,0.0035929888,"VT",0,0,0,0,0.9,0.7990609476816,0,0,0,0,0.1,0.0887845497424,0,0
"750",9328942,"010801060305",0.327609,0.0017690886,"NH",0,0,0,0,0.9,0.3934355746527,0,0,0,0,0.1,0.0437150638503,0,0
"751",9328948,"010801060402",2.318219,0.0350051069,"NH",0,0,0,0,1,8.6499369405245,0,0,0,0,0,0,0,0
"752",9328950,"010801060305",1.332616,0.0009328312,"NH",0,0,0,0,0.9,0.2074565283084,0,0,0,0,0.1,0.0230507253676,0,0
"753",9328952,"010801060304",0.136268,0.0071676968,"VT",0,0,0,0,0.9,1.5940563459876,0,0,0,0,0.1,0.1771173717764,0,0
"754",9328954,"010801060304",0.036826,0.0008764588,"VT",0,0,0,0,0.9,0.1949196165966,0,0,0,0,0.1,0.0216577351774,0,0
"755",9328964,"010801060304",0.484204,0.01452612,"VT",0,0,0,0,0.9,3.23052919434,0,0,0,0,0.1,0.35894768826,0,0
"756",9328970,"010801060305",1.076858,0.0099070936,"NH",0,0,0,0,0.9,2.2032831276252,0,0,0,0,0.1,0.2448092364028,0,0
"757",9328972,"010801060304",0.83662,0.011629018,"VT",0,0,0,0,0,0,0.9,2.586229643601,0,0,0.1,0.287358849289,0,0
"758",9328982,"010801060305",0.564426,0.0018061632,"NH",0,0,0,0,0.9,0.4016807617824,0,0,0,0,0.1,0.0446311957536,0,0
"759",9328986,"010801060305",0.964157,0.0044351222,"NH",0,0,0,0,0,0,0,0,0,0,0.1,0.1095940871231,0,0
"760",9328988,"010801060305",0.466223,0.0063872551,"NH",0,0,0,0,0.9,1.42049040433695,0,0,0,0,0.1,0.15783226714855,0,0
"761",9328990,"010801060304",0.289652,0.0035627196,"VT",0,0,0,0,0.9,0.7923292440822,0,0,0,0,0.1,0.0880365826758,0,0
"762",9328994,"010801060305",0.038387,0.0008944171,"NH",0,0,0,0,0.9,0.19891344374595,0,0,0,0,0.1,0.02210149374955,0,0
"763",9328996,"010801060304",0.751119,0.0009013428,"VT",0,0,0,0,0.9,0.2004536813346,0,0,0,0,0.1,0.0222726312594,0,0
"764",9328998,"010801060304",1.233083,0.0288541422,"VT",0,0,0,0,0,0,0,0,0,0,0.1,0.7130002808331,0,0
"765",9329002,"010801060305",0.602587,0.0739976836,"NH",0,0,0,0,0.9,16.4566778453802,0,0,0,0,0.1,1.8285197605978,0,0
"766",9329004,"010801060304",0.636147,0.0089696727,"VT",0,0,0,0,0.9,1.99480587528015,0,0,0,0,0.1,0.22164509725335,0,0
"767",9329012,"010801060404",0.217345,0.0027168125,"NH",0,0,0,0,1,0.6713379528125,0,0,0,0,0,0,0,0
"768",9329018,"010801060304",0.333109,0.0053963658,"VT",0,0,0,0,0.9,1.2001220739081,0,0,0,0,0.1,0.1333468971009,0,0
"769",9329032,"010801060304",0.761135,0.008981393,"VT",0,0,0,0,0.9,1.9974124055385,0,0,0,0,0.1,0.2219347117265,0,0
"770",9329036,"010801060305",0.332294,0.0008971938,"NH",0,0,0,0,1,0.221701073949,0,0,0,0,0,0,0,0
"771",9329040,"010801060304",0.207147,0.002692911,"VT",0,0,0,0,0.9,0.5988885953895,0,0,0,0,0.1,0.0665431772655,0,0
"772",9329042,"010801060305",0.908949,0.000908949,"NH",0,0,0,0,0.9,0.2021452583805,0,0,0,0,0.1,0.0224605842645,0,0
"773",9329046,"010801060305",1.164718,0,"NH",0,0,0,0,0.9,0,0,0,0,0,0.1,0,0,0
"774",9329048,"010801060404",0.156507,0.0017998305,"NH",0,0,0,0,0.9,0.40027240413225,0,0,0,0,0.1,0.04447471157025,0,0
"775",9329052,"010801060304",1.438395,0.01438395,"VT",0,0,0,0,0.9,3.198911368275,0,0,0,0,0.1,0.355434596475,0,0
"776",9329056,"010801060305",0.955013,0.0008595117,"NH",0,0,0,0,0.9,0.19115067476565,0,0,0,0,0.1,0.02123896386285,0,0
"777",9329058,"010801060305",0.644221,0.0413589882,"NH",0,0,0,0,0.9,9.1980115012449,0,0,0,0,0.1,1.0220012779161,0,0
"778",9329062,"010801060305",0.235294,0.0017882344,"NH",0,0,0,0,0.9,0.3976934952708,0,0,0,0,0.1,0.0441881661412,0,0
"779",9329072,"010801060304",1.04011,0.008112858,"VT",0,0,0,0,0,0,0,0,0,0,0.1,0.200472777609,0,0
"780",9329074,"010801060304",0.240771,0.0009149298,"VT",0,0,0,0,0.9,0.2034753554061,0,0,0,0,0.1,0.0226083728229,0,0
"781",9329076,"010801060402",1.776859,0.0108388399,"NH",0,0,0,0,1,2.6783315334895,0,0,0,0,0,0,0,0
"782",9329084,"010801060305",0.384909,0.0018090723,"NH",0,0,0,0,0.9,0.40232772962235,0,0,0,0,0.1,0.04470308106915,0,0
"783",9329100,"010801060402",0.413753,0.0117092099,"NH",0,0,0,0,0,0,1,2.8934043123395,0,0,0,0,0,0
"784",9329112,"010801060305",1.476045,0.001771254,"NH",0,0,0,0,0.9,0.393917147703,0,0,0,0,0.1,0.043768571967,0,0
"785",9329116,"010801060305",1.72525,0.000862625,"NH",0,0,0,0,0,0,0,0,0,0,0.1,0.0213158950625,0,0
"786",9329152,"010801060404",0.136763,0.001777919,"NH",0,0,0,0,0.9,0.3953994070455,0,0,0,0,0.1,0.0439332674495,0,0
"787",9329176,"010801060305",1.179679,0.0054265234,"NH",0,0,0,0,0.9,1.2068289582813,0,0,0,0,0.1,0.1340921064757,0,0
"788",9329202,"010801060407",0.211161,0.0053212572,"NH",0,0,0,0,0.9,1.1834183343654,0,0,0,0,0.1,0.1314909260406,0,0
"789",9329204,"010801060407",0.885451,0.0036303491,"NH",0,0,0,0,1,0.8970774143555,0,0,0,0,0,0,0,0
"790",9329208,"010801060407",0.785411,0.0072257812,"NH",0,0,0,0,0.9,1.6069739970834,0,0,0,0,0.1,0.1785526663426,0,0
"791",9329210,"010801060407",0.416597,0.0036243939,"NH",0,0,0,0,0.9,0.80604526919355,0,0,0,0,0.1,0.08956058546595,0,0
"792",9329228,"010801060405",0.961909,0.0008657181,"NH",0,0,0,0,1,0.2139232711005,0,0,0,0,0,0,0,0
"793",9329258,"010801060702",1.041356,0.0071853564,"VT",0,0,0,0,0.9,1.5979837438998,0,0,0,0,0.1,0.1775537493222,0,0
"794",9329260,"010801060702",0.821048,0.004515764,"VT",0,0,0,0,0.9,1.004281076898,0,0,0,0,0.1,0.111586786322,0,0
"795",9329264,"010801060404",0.054564,0.004474248,"NH",0,0,0,0,0.9,0.995048146836,0,0,0,0,0.1,0.110560905204,0,0
"796",9329268,"010801060402",1.797113,0.0765570138,"NH",0,0,0,0,0,0,0,0,1,18.917620895049,0,0,0,0
"797",9329272,"010801060702",0.429636,0.0026637432,"VT",0,0,0,0,0.9,0.5924018370924,0,0,0,0,0.1,0.0658224263436,0,0
"798",9329274,"010801060702",1.323235,0.0009262645,"VT",0,0,0,0,0.9,0.20599613034525,0,0,0,0,0.1,0.02288845892725,0,0
"799",9329282,"010801060702",0.71646,0.006304848,"VT",0,0,0,0,0.9,1.402163518536,0,0,0,0,0.1,0.155795946504,0,0
"800",9329288,"010801060702",0.012238,0.0017488102,"VT",0,0,0,0,0.9,0.3889257700239,0,0,0,0,0.1,0.0432139744471,0,0
"801",9329290,"010801060702",1.591413,0.0036602499,"VT",0,0,0,0,0.9,0.81401944638555,0,0,0,0,0.1,0.09044660515395,0,0
"802",9329294,"010801060702",0.53097,0.012583989,"VT",0,0,0,0,0.9,2.7986099416605,0,0,0,0,0.1,0.3109566601845,0,0
"803",9329296,"010801060702",0.00732,0.000813252,"VT",1,0.20095863546,0,0,0,0,0,0,0,0,0,0,0,0
"804",9329300,"010801060702",0.798515,0.046154167,"VT",0,0,0,0,0.9,10.2644328928815,0,0,0,0,0.1,1.1404925436535,0,0
"805",9329310,"010801060702",1.714724,0.0044582824,"VT",0,0,0,0,0.9,0.9914974852068,0,0,0,0,0.1,0.1101663872452,0,0
"806",9329312,"010801060702",0.435079,0.0009136659,"VT",0,0,1,0.2257714122195,0,0,0,0,0,0,0,0,0,0
"807",9329314,"010801060407",1.229657,0.0018444855,"NH",0,0,0,0,0.9,0.41020343052975,0,0,0,0,0.1,0.04557815894775,0,0
"808",9329328,"010801060702",0.46568,0.007171472,"VT",0,0,0,0,0.9,1.594895929704,0,0,0,0,0.1,0.177210658856,0,0
"809",9329332,"010801060402",1.442731,0.0467444844,"NH",0,0,0,0,1,11.550795817662,0,0,0,0,0,0,0,0
"810",9329338,"010801060702",0.358557,0.0593053278,"VT",0,0,0,0,0.9,13.1891787234171,0,0,0,0,0.1,1.4654643026019,0,0
"811",9329350,"010801060702",0.26678,0.033134076,"VT",0,0,0,0,0.9,7.368836264982,0,0,0,0,0.1,0.818759584998,0,0
"812",9329356,"010801060405",1.978874,0.0053429598,"NH",0,0,0,0,1,1.320272081379,0,0,0,0,0,0,0,0
"813",9329372,"010801060702",0.737137,0.0171015784,"VT",0,0,0,0,0.9,3.8032969774788,0,0,0,0,0.1,0.4225885530532,0,0
"814",9329374,"010801060702",0.635227,0.0090202234,"VT",0,0,0,0,0.9,2.0060480729313,0,0,0,0,0.1,0.2228942303257,0,0
"815",9329382,"010801060406",0.176195,0.0008985945,"NH",0,0,0,0,0.9,0.19984247453025,0,0,0,0,0.1,0.02220471939225,0,0
"816",9329384,"010801060406",0.501904,0.0009034272,"NH",0,0,0,0,0.9,0.2009172404304,0,0,0,0,0.1,0.0223241378256,0,0
"817",9329392,"010801060407",1.37855,0.00358423,"NH",0,0,0,0,0,0,0,0,0,0,0.1,0.088568115415,0,0
"818",9329394,"010801060404",0.304121,0.0044401666,"NH",0,0,0,0,0.9,0.9874686309237,0,0,0,0,0.1,0.1097187367693,0,0
"819",9329396,"010801060407",2.266968,0.0233497704,"NH",0,0,0,0,1,5.769845014692,0,0,0,0,0,0,0,0
"820",9329398,"010801060407",0.463189,0.0225109854,"NH",0,0,0,0,0.9,5.0063193425403,0,0,0,0,0.1,0.5562577047267,0,0
"821",9329400,"010801060404",0.072404,0.00090505,"NH",0,0,0,0,0.9,0.201278142225,0,0,0,0,0.1,0.022364238025,0,0
"822",9329406,"010801060407",0.396319,0.0792638,"NH",0,0,0,0,0.9,17.6278331691,0,0,0,0,0.1,1.9586481299,0,0
"823",9329424,"010801060407",0.718762,0.0152377544,"NH",0,0,0,0,0.9,3.3887927709108,0,0,0,0,0.1,0.3765325301012,0,0
"824",9329426,"010801060406",0.081395,0.0009034845,"NH",0,0,0,0,0.9,0.20092998363525,0,0,0,0,0.1,0.02232555373725,0,0
"825",9329434,"010801060407",0.444768,0.0214822944,"NH",0,0,0,0,0.9,4.7775441219408,0,0,0,0,0.1,0.5308382357712,0,0
"826",9329442,"010801060407",0.332096,0.0315159104,"NH",0,0,0,0,0.9,7.0089651354528,0,0,0,0,0.1,0.7787739039392,0,0
"827",9329444,"010801060406",0.84898,0.005433472,"NH",0,0,0,0,0.9,1.208374288704,0,0,0,0,0.1,0.134263809856,0,0
"828",9329446,"010801060406",0.224478,0.0063527274,"NH",0,0,0,0,0.9,1.4128116337593,0,0,0,0,0.1,0.1569790704177,0,0
"829",9329448,"010801060406",0.181587,0.0035772639,"NH",0,0,0,0,0.9,0.79556381640855,0,0,0,0,0.1,0.08839597960095,0,0
"830",9329460,"010801060407",0.767503,0.062935246,"NH",0,0,0,0,1,15.55161396283,0,0,0,0,0,0,0,0
"831",9329464,"010801060407",0.313856,0.0426216448,"NH",0,0,0,0,0.9,9.4788193844736,0,0,0,0,0.1,1.0532021538304,0,0
"832",9329482,"010801060702",0.976596,0.0008789364,"VT",0,0,0,0,0.9,0.1954706212098,0,0,0,0,0.1,0.0217189579122,0,0
"833",9329486,"010801060702",1.182535,0.056998187,"NH",0,0,0,0,0.9,12.6760832987715,0,0,0,0,0.1,1.4084536998635,0,0
"834",9329494,"010801060406",0.301234,0.0071392458,"NH",0,0,0,0,0.9,1.5877290000681,0,0,0,0,0.1,0.1764143333409,0,0
"835",9329496,"010801060406",0.815379,0.0134537535,"NH",0,0,0,0,0,0,0,0,0,0,0.1,0.33244897586175,0,0
"836",9329500,"010801060702",1.562174,0.0018746088,"VT",0,0,0,0,0,0,0,0,0,0,0.1,0.0463225207524,0,0
"837",9329502,"010801060405",0.157225,0.0117447075,"NH",0,0,0,0,0.9,2.61195835210875,0,0,0,0,0.1,0.29021759467875,0,0
"838",9329510,"010801060406",0.311099,0.0090529809,"NH",0,0,0,0,0.9,2.01333316076505,0,0,0,0,0.1,0.22370368452945,0,0
"839",9329512,"010801060406",0.352547,0.0447382143,"NH",0,0,0,0,0.9,9.94953280014135,0,0,0,0,0.1,1.10550364446015,0,0
"840",9329514,"010801060702",0.219376,0.0008994416,"VT",0,0,1,0.222256516568,0,0,0,0,0,0,0,0,0,0
"841",9329530,"010801060406",0.284985,0.0687668805,"NH",0,0,0,0,0.9,15.2933760053572,0,0,0,0,0.1,1.69926400059525,0,0
"842",9329538,"010801060407",0.007358,0.00091975,"NH",0,0,0,0,1,0.22727482375,0,0,0,0,0,0,0,0
"843",9329540,"010801060407",0.018858,0.0068567688,"NH",0,0,0,0,0.9,1.5249076688916,0,0,0,0,0.1,0.1694341854324,0,0
"844",9329548,"010801060402",1.390793,0.015298723,"NH",0,0,0,0,1,3.780390946915,0,0,0,0,0,0,0,0
"845",9329550,"010801060406",0.055526,0.0125377708,"NH",0,0,0,0,0.9,2.7883312681806,0,0,0,0,0.1,0.3098145853534,0,0
"846",9329556,"010801060702",0.644794,0.0341096026,"NH",0,0,0,0,0,0,0,0,0,0,0.1,0.8428653350473,0,0
"847",9329558,"010801060406",0.016871,0.01096615,"NH",0,0,0,0,0.9,2.438811446175,0,0,0,0,0.1,0.270979049575,0,0
"848",9329570,"010801060406",0.141472,0.040814672,"NH",0,0,0,0,0.9,9.076958572104,0,0,0,0,0.1,1.008550952456,0,0
"849",9329582,"010801060406",0.300788,0.0162124732,"NH",0,0,0,0,0.9,3.6055648710774,0,0,0,0,0.1,0.4006183190086,0,0
"850",9329584,"010801060406",0.095928,0.0070411152,"NH",0,0,0,0,0.9,1.5659052943464,0,0,0,0,0.1,0.1739894771496,0,0
"851",9329588,"010801060406",0.042226,0.00527825,"NH",0,0,0,0,1,1.30428196625,0,0,0,0,0,0,0,0
"852",9329590,"010801060406",0.048965,0.021368326,"NH",0,0,0,0,0.9,4.752198176607,0,0,0,0,0.1,0.528022019623,0,0
"853",9329592,"010801060406",0.31049,0.013475266,"NH",0,0,0,0,0,0,0,0,0,0,0.1,0.332980560493,0,0
"854",9329596,"010801060406",0.078448,0.024632672,"NH",0,0,0,0,0.9,5.478170773104,0,0,0,0,0.1,0.608685641456,0,0
"855",9329600,"010801060406",0.288922,0.0196178038,"NH",0,0,0,0,0.9,4.3628916671991,0,0,0,0,0.1,0.4847657407999,0,0
"856",9329602,"010801060406",0.065527,0.01638175,"NH",0,0,0,0,0.9,3.643211100375,0,0,0,0,0.1,0.404801233375,0,0
"857",9329604,"010801060406",0.089043,0.0044966715,"NH",0,0,0,0,0.9,1.00003500990675,0,0,0,0,0.1,0.11111500110075,0,0
"858",9329606,"010801060406",0.157035,0.050533863,"NH",0,0,0,0,0.9,11.2384531949535,0,0,0,0,0.1,1.2487170216615,0,0
"859",9329616,"010801060406",0.047594,0.0008995266,"NH",0,0,0,0,0.9,0.2000497684437,0,0,0,0,0.1,0.0222277520493,0,0
"860",9329618,"010801060406",0.54907,0.001811931,"NH",0,0,0,0,0.9,0.4029634887795,0,0,0,0,0.1,0.0447737209755,0,0
"861",9329622,"010801060406",0.04085,0.00181374,"NH",0,0,0,0,0.9,0.40336580043,0,0,0,0,0.1,0.04481842227,0,0
"862",9329624,"010801060406",0.024739,0.0008831823,"NH",0,0,0,0,0.9,0.19641488601735,0,0,0,0,0.1,0.02182387622415,0,0
"863",9329628,"010801060406",0.219828,0.051549666,"NH",0,0,0,0,0.9,11.464362195237,0,0,0,0,0.1,1.273818021693,0,0
"864",9329630,"010801060702",0.391385,0.014402968,"NH",0,0,0,0,0.9,3.203140866876,0,0,0,0,0.1,0.355904540764,0,0
"865",9329636,"010801060406",0.017987,0.00089935,"NH",0,0,0,0,0.9,0.200010493575,0,0,0,0,0.1,0.022223388175,0,0
"866",9329644,"010801060406",0.098232,0.0026326176,"NH",0,0,0,0,0.9,0.5854796748432,0,0,0,0,0.1,0.0650532972048,0,0
"867",9329646,"010801060702",0.626084,0.0432624044,"NH",0,0,0,0,0.9,9.6213207953358,0,0,0,0,0.1,1.0690356439262,0,0
"868",9329648,"010801060406",0.399116,0.0216719988,"NH",0,0,0,0,0.9,4.8197333371266,0,0,0,0,0.1,0.5355259263474,0,0
"869",9329654,"010801060406",0.787293,0.0018107739,"NH",0,0,0,0,0.9,0.40270615610355,0,0,0,0,0.1,0.04474512845595,0,0
"870",9329662,"010801060406",0.557518,0.0017840576,"NH",0,0,0,0,0.9,0.3967645979232,0,0,0,0,0.1,0.0440849553248,0,0
"871",9329664,"010801060406",0.035901,0.004379922,"NH",0,0,0,0,0.9,0.974070563229,0,0,0,0,0.1,0.108230062581,0,0
"872",9329668,"010801060702",1.836065,0.008078686,"NH",0,0,0,0,0.9,1.796655333627,0,0,0,0,0.1,0.199628370403,0,0
"873",9329676,"010801060406",0.115943,0.0206726369,"NH",0,0,0,0,1,5.1083119411745,0,0,0,0,0,0,0,0
"874",9329678,"010801060406",0.08675,0.006133225,"NH",0,0,0,0,0.9,1.3639955072625,0,0,0,0,0.1,0.1515550563625,0,0
"875",9329680,"010801060702",0.017191,0.00085955,"NH",0,0,0,0,0.9,0.191159192475,0,0,0,0,0.1,0.021239910275,0,0
"876",9329682,"010801060406",0.042119,0.0170244998,"NH",0,0,0,0,0.9,3.7861551207711,0,0,0,0,0.1,0.4206839023079,0,0
"877",9329702,"010801060406",0.893908,0.000893908,"NH",0,0,0,0,0.9,0.198800222706,0,0,0,0,0.1,0.022088913634,0,0
"878",9329708,"010801060702",0.565146,0.082793889,"NH",0,0,0,0,0.9,18.4129055472105,0,0,0,0,0.1,2.0458783941345,0,0
"879",9329716,"010801060406",0.826014,0.0009086154,"NH",0,0,0,0,1,0.224523408417,0,0,0,0,0,0,0,0
"880",9329722,"010801060702",1.127941,0.0153399976,"VT",0,0,0,0,0.9,3.4115310962532,0,0,0,0,0.1,0.3790590106948,0,0
"881",9329728,"010801060406",0.995406,0.0071669232,"NH",0,0,0,0,0,0,0,0,0,0,0.1,0.1770982557336,0,0
"882",9329734,"010801060702",0.688666,0.0260315748,"NH",0,0,0,0,0.9,5.7892790618586,0,0,0,0,0.1,0.6432532290954,0,0
"883",9329744,"010801060702",0.876963,0.103481634,"NH",0,0,0,0,0,0,0,0,0,0,0.1,2.557082916957,0,0
"884",9329758,"010801060407",0.707582,0.001768955,"NH",0,0,0,0,0.9,0.3934058627475,0,0,0,0,0.1,0.0437117625275,0,0
"885",9329760,"010801060702",0.759075,0.00273267,"VT",0,0,0,0,0.9,0.607730778315,0,0,0,0,0.1,0.067525642035,0,0
"886",9329766,"010801060702",0.846981,0.0009316791,"VT",0,0,0,0,0.9,0.20720030760495,0,0,0,0,0.1,0.02302225640055,0,0
"887",9329772,"010801060406",0.569626,0.1027605304,"NH",0,0,0,0,0.9,22.8533767780428,0,0,0,0,0.1,2.5392640864492,0,0
"888",9329780,"010801060405",1.223238,0.0080733708,"NH",0,0,0,0,0,0,0,0,1,1.994970291534,0,0,0,0
"889",9329782,"010801060406",0.4881,0.00180597,"NH",0,0,0,0,0.9,0.401637795165,0,0,0,0,0.1,0.044626421685,0,0
"890",9329786,"010801060702",0.902869,0.007222952,"NH",0,0,0,0,0.9,1.606344798564,0,0,0,0,0.1,0.178482755396,0,0
"891",9329788,"010801060702",1.608632,0.2689632704,"NH",0,0,0,0,0.9,59.8159520389728,0,0,0,0,0.1,6.6462168932192,0,0
"892",9329796,"010801060702",0.755464,0.0018131136,"NH",0,0,0,0,0.9,0.4032264925152,0,0,0,0,0.1,0.0448029436128,0,0
"893",9329842,"010801060702",0.316106,0.0018018042,"NH",0,0,0,0,0.9,0.4007113441569,0,0,0,0,0.1,0.0445234826841,0,0
"894",9329844,"010801060702",1.868738,0.1072655612,"NH",0,0,0,0,0,0,1,26.505856500326,0,0,0,0,0,0
"895",9329860,"010801060702",0.207662,0.0098016464,"NH",0,0,0,0,0.9,2.1798322503048,0,0,0,0,0.1,0.2422035833672,0,0
"896",9329878,"010801060702",0.518886,0.0153590256,"NH",0,0,0,0,0.9,3.4157628187992,0,0,0,0,0.1,0.3795292020888,0,0
"897",9329882,"010801060702",1.096724,0.0269794104,"NH",0,0,0,0,0.9,6.0000724862028,0,0,0,0,0.1,0.6666747206892,0,0
"898",9329910,"010801060702",0.200677,0.0447911064,"NH",0,0,0,0,0.9,9.9612957122748,0,0,0,0,0.1,1.1068106346972,0,0
"899",9329924,"010801060702",0.65104,0.010807264,"NH",0,0,0,0,0.9,2.403476073648,0,0,0,0,0.1,0.267052897072,0,0
"900",9329932,"010801060403",0.065042,0.0062375278,"NH",0,0,0,0,1,1.541324307019,0,0,0,0,0,0,0,0
"901",9329948,"010801060701",0.120242,0.0035591632,"NH",0,0,0,0,0.9,0.7915383202824,0,0,0,0,0.1,0.0879487022536,0,0
"902",9329950,"010801060701",0.714595,0.0009289735,"NH",0,0,0,0,0,0,0,0,0,0,0.1,0.02295539967175,0,0
"903",9329960,"010801060403",0.029602,0.0008702988,"NH",0,0,0,0,0.9,0.1935496664766,0,0,0,0,0.1,0.0215055184974,0,0
"904",9329972,"010801060702",1.980241,0.0071288676,"VT",0,0,0,0,0,0,1,1.761578828298,0,0,0,0,0,0
"905",9329980,"010801060701",0.166919,0.0018027252,"NH",0,0,0,0,0.9,0.4009161694914,0,0,0,0,0.1,0.0445462410546,0,0
"906",9329992,"010801060702",0.532158,0.0296944164,"VT",0,0,0,0,0.9,6.6038748880698,0,0,0,0,0.1,0.7337638764522,0,0
"907",9329998,"010801060701",0.326588,0.003592468,"NH",0,0,0,0,0.9,0.798945124626,0,0,0,0,0.1,0.088771680514,0,0
"908",9330002,"010801060702",0.581859,0.0026765514,"VT",0,0,0,0,0.9,0.5952503103273,0,0,0,0,0.1,0.0661389233697,0,0
"909",9330004,"010801060701",1.246559,0.0989767846,"NH",0,0,0,0,0.03071981971,0.751334855304444,0,0,0,0,0.1,2.4457658358583,0,0
"910",9330020,"010801060701",0.421179,0.0008844759,"NH",0,0,0,0,0.9,0.19670257554255,0,0,0,0,0.1,0.02185584172695,0,0
"911",9330036,"010801060702",1.31309,0.160459598,"NH",0,0,0,0,1,39.65036896379,0,0,0,0,0,0,0,0
"912",9330040,"010801060702",0.927877,0.0099282839,"VT",0,0,0,0,0.9,2.20799573379855,0,0,0,0,0.1,0.24533285931095,0,0
"913",9330060,"010801060403",1.292168,0.025197276,"NH",0,0,0,0,1,6.22637288598,0,0,0,0,0,0,0,0
"914",9330064,"010801060702",0.972908,0.0027241424,"VT",0,0,0,0,0.9,0.6058342869768,0,0,0,0,0.1,0.0673149207752,0,0
"915",9330070,"010801060702",0.244436,0.0027132396,"VT",0,0,0,0,0.9,0.6034095642222,0,0,0,0,0.1,0.0670455071358,0,0
"916",9330074,"010801060702",0.778652,0.1320593792,"NH",0,0,0,0,0.9,29.3692796074944,0,0,0,0,0.1,3.2632532897216,0,0
"917",9330076,"010801060702",0.400298,0.06805066,"NH",0,0,0,0,0.9,15.13409250537,0,0,0,0,0.1,1.68156583393,0,0
"918",9330092,"010801060702",0.569617,0.0198796333,"NH",0,0,0,0,0.9,4.42112110793685,0,0,0,0,0.1,0.49123567865965,0,0
"919",9330100,"010801060701",2.341341,0.0044485479,"NH",0,0,0,0,1,1.0992584288295,0,0,0,0,0,0,0,0
"920",9330102,"010801060701",0.689822,0.0017935372,"NH",0,0,0,0,0.9,0.3988728088254,0,0,0,0,0.1,0.0443192009806,0,0
"921",9330110,"010801060701",0.044271,0.00177084,"NH",0,0,0,0,0.9,0.39382507638,0,0,0,0,0.1,0.04375834182,0,0
"922",9330118,"010801060702",0.894306,0.0530323458,"NH",0,0,0,0,0.9,11.7941020280181,0,0,0,0,0.1,1.3104557808909,0,0
"923",9330124,"010801060403",1.285784,0.0027001464,"NH",0,0,0,0,1,0.667219676172,0,0,0,0,0,0,0,0
"924",9330148,"010801060701",0.16716,0.004463172,"NH",0,0,0,0,0.9,0.992584905354,0,0,0,0,0.1,0.110287211706,0,0
"925",9330160,"010801060702",0.900215,0.01260301,"VT",0,0,0,0,0.9,2.802840107445,0,0,0,0,0.1,0.311426678605,0,0
"926",9330164,"010801070201",0.422769,0.0053691663,"NH",0,0,0,0,1,1.3267478385615,0,0,0,0,0,0,0,0
"927",9330170,"010801060701",0.838475,0.0036054425,"NH",0,0,0,0,0.9,0.80183058206625,0,0,0,0,0.1,0.08909228689625,0,0
"928",9330176,"010801070201",0.022085,0.0008834,"NH",0,0,0,0,0.9,0.1964633013,0,0,0,0,0.1,0.0218292557,0,0
"929",9330188,"010801060702",1.055572,0.0009500148,"NH",0,0,0,0,1,0.234753407154,0,0,0,0,0,0,0,0
"930",9330192,"010801070201",0.077806,0.001828441,"NH",0,0,0,0,0.9,0.4066352219745,0,0,0,0,0.1,0.0451816913305,0,0
"931",9330198,"010801060702",0.448829,0.1495947057,"NH",0,0,0,0,0.9,33.2690397767986,0,0,0,0,0.1,3.69655997519985,0,0
"932",9330200,"010801060702",1.220361,0.0008542527,"VT",0,0,0,0,0,0,0,0,0,0,0.1,0.02110901134335,0,0
"933",9330202,"010801060702",0.317482,0.0421616096,"VT",0,0,0,0,0.9,9.3765100861872,0,0,0,0,0.1,1.0418344540208,0,0
"934",9330206,"010801060701",1.056879,0.0081379683,"NH",0,0,0,0,0.9,1.80983939109435,0,0,0,0,0.1,0.20109326567715,0,0
"935",9330228,"010801060403",0.214735,0.0044020675,"NH",0,0,0,0,1,1.0877728895875,0,0,0,0,0,0,0,0
"936",9330230,"010801060702",0.423329,0.0496564917,"NH",0,0,0,0,0.9,11.0433306433757,0,0,0,0,0.1,1.22703673815285,0,0
"937",9330256,"010801060701",2.709538,0.0073157526,"NH",0,0,0,0,0.9,1.6269831416007,0,0,0,0,0.1,0.1807759046223,0,0
"938",9330266,"010801060702",0.831662,0.0297734996,"NH",0,0,0,0,0.9,6.6214625567922,0,0,0,0,0.1,0.7357180618658,0,0
"939",9330270,"010801060703",0.217638,0.0008923158,"NH",0,0,0,0,0.9,0.1984461261831,0,0,0,0,0.1,0.0220495695759,0,0
"940",9330292,"010801060403",0.947254,0.0081463844,"NH",0,0,0,0,1,2.013012317162,0,0,0,0,0,0,0,0
"941",9330316,"010801060403",0.505477,0.0027295758,"NH",0,0,0,0,1,0.674491828059,0,0,0,0,0,0,0,0
"942",9330334,"010801060703",0.172212,0.0008955024,"NH",0,0,0,0,0.9,0.1991548084968,0,0,0,0,0.1,0.0221283120552,0,0
"943",9330346,"010801060703",1.69223,0.003553683,"VT",0,0,0,0,0.9,0.7903195539435,0,0,0,0,0.1,0.0878132837715,0,0
"944",9330356,"010801070201",0.609156,0.0035940204,"NH",0,0,0,0,1,0.888100410942,0,0,0,0,0,0,0,0
"945",9330404,"010801070201",0.346278,0.0018006456,"NH",0,0,0,0,0.9,0.4004536778892,0,0,0,0,0.1,0.0444948530988,0,0
"946",9330420,"010801070203",1.504308,0.004512924,"NH",0,0,0,0,1,1.11516608502,0,0,0,0,0,0,0,0
"947",9330430,"010801070201",0.258676,0.001810732,"NH",0,0,0,0,0.9,0.402696837774,0,0,0,0,0.1,0.044744093086,0,0
"948",9330446,"010801070203",0.576946,0.0017885326,"NH",0,0,0,0,0.9,0.3977598133107,0,0,0,0,0.1,0.0441955348123,0,0
"949",9330502,"010801070201",0.16626,0.000897804,"NH",0,0,0,0,0.9,0.199666671678,0,0,0,0,0.1,0.022185185742,0,0
"950",9330506,"010801070201",0.422283,0.0008867943,"NH",0,0,0,0,0.9,0.19721817495135,0,0,0,0,0.1,0.02191313055015,0,0
"951",9330528,"010801060703",2.018368,0.0954688064,"NH",0,0,0,0,0,0,0,0,0,0,0.1,2.3590819405472,0,0
"952",9330538,"010801070202",0.530462,0.0036071416,"NH",0,0,0,0,0.9,0.8022084525612,0,0,0,0,0.1,0.0891342725068,0,0
"953",9330542,"010801070202",0.179921,0.0054875905,"NH",0,0,0,0,0.9,1.22040994545225,0,0,0,0,0.1,0.13560110505025,0,0
"954",9330582,"010801070202",0.991084,0.005450962,"NH",0,0,0,0,0,0,0,0,0,0,0.1,0.134695996501,0,0
"955",9330588,"010801060703",1.17325,0.019827925,"NH",0,0,0,0,0.9,4.4096214664125,0,0,0,0,0.1,0.4899579407125,0,0
"956",9330612,"010801070202",1.983457,0.0009917285,"NH",0,0,0,0,1,0.2450610709925,0,0,0,0,0,0,0,0
"957",9330640,"010801070202",0.324819,0.0009094932,"NH",0,0,0,0,0.9,0.2022662854674,0,0,0,0,0.1,0.0224740317186,0,0
"958",9330646,"010801070202",0.152193,0.0017958774,"NH",0,0,0,0,0.9,0.3993932564343,0,0,0,0,0.1,0.0443770284927,0,0
"959",9330650,"010801070203",0.731852,0.0035860748,"NH",0,0,0,0,0.9,0.7975233121086,0,0,0,0,0.1,0.0886137013454,0,0
"960",9330670,"010801060703",0.996973,0.0306070711,"VT",0,0,0,0,0,0,0,0,0,0,0.1,0.75631603041655,0,0
"961",9330672,"010801070203",0.715117,0.0360418968,"NH",0,0,0,0,0.9,8.0155196178876,0,0,0,0,0.1,0.8906132908764,0,0
"962",9330674,"010801070203",1.153942,0.0035772202,"NH",0,0,0,0,0.9,0.7955540977689,0,0,0,0,0.1,0.0883948997521,0,0
"963",9330678,"010801070203",1.560845,0.0270026185,"NH",0,0,0,0,0,0,0,0,0,0,0.1,0.66724820444425,0,0
"964",9330688,"010801070202",0.500882,0.0054095256,"NH",0,0,0,0,0.9,1.2030487410492,0,0,0,0,0.1,0.1336720823388,0,0
"965",9330696,"010801060703",0.050977,0.0008768044,"VT",0,0,0,0,0.9,0.1949964761358,0,0,0,0,0.1,0.0216662751262,0,0
"966",9330700,"010801070203",0.881283,0.0189475845,"NH",0,0,0,0,1,4.6820428678725,0,0,0,0,0,0,0,0
"967",9330704,"010801060703",0.486645,0.0125067765,"VT",0,0,0,0,0.9,2.78143830632925,0,0,0,0,0.1,0.30904870070325,0,0
"968",9330724,"010801070203",1.560496,0.0081145792,"NH",0,0,0,0,0.9,1.8046377838944,0,0,0,0,0.1,0.2005153093216,0,0
"969",9330732,"010801070501",1.699341,0.0054378912,"NH",0,0,0,0,0,0,0,0,0,0,0.1,0.1343730104976,0,0
"970",9330736,"010801070203",0.617134,0.000925701,"NH",0,0,0,0,0.9,0.2058708110445,0,0,0,0,0.1,0.0228745345605,0,0
"971",9330740,"010801070203",3.112005,0.054771288,"NH",0,0,0,0,0,0,0.9,12.180833209116,0,0,0.1,1.353425912124,0,0
"972",9330742,"010801070501",0.364215,0.056234796,"NH",0,0,0,0,0.9,12.506309339022,0,0,0,0,0.1,1.389589926558,0,0
"973",9330746,"010801070501",0.354221,0.0572421136,"NH",0,0,0,0,0.9,12.7303312330152,0,0,0,0,0.1,1.4144812481128,0,0
"974",9330758,"010801070501",1.219944,0.001829916,"NH",0,0,0,0,0.9,0.406963253862,0,0,0,0,0.1,0.045218139318,0,0
"975",9330764,"010801070501",0.99491,0.000895419,"NH",0,0,0,0,0,0,0.9,0.1991362607955,0,0,0.1,0.0221262511995,0,0
"976",9330766,"010801070501",1.201567,0.0009612536,"NH",0,0,0,0,0.9,0.2137775137452,0,0,0,0,0.1,0.0237530570828,0,0
"977",9330768,"010801070501",1.212747,0.0071552073,"NH",0,0,0,0,0,0,0,0,0,0,0.1,0.17680874998665,0,0
"978",9330778,"010801070502",0.178232,0.0008733368,"VT",0,0,0,0,0.9,0.1942253009676,0,0,0,0,0.1,0.0215805889964,0,0
"979",9330788,"010801070501",0.902267,0.0720911333,"NH",0,0,0,0,0.9,16.0326715446868,0,0,0,0,0.1,1.78140794940965,0,0
"980",9330800,"010801070501",1.75528,0.314897232,"NH",0,0,0,0,0.9,70.031412462024,0,0,0,0,0.1,7.781268051336,0,0
"981",9330804,"010801070501",3.848943,0.3202320576,"NH",0,0,0,0,1,79.130942593248,0,0,0,0,0,0,0,0
"982",9330810,"010801070502",2.353812,0.0108275352,"NH",0,0,0,0,0.9,2.4079842770364,0,0,0,0,0.1,0.2675538085596,0,0
"983",9330818,"010801070504",1.099458,0.0008795664,"VT",0,0,0,0,0.9,0.1956107297448,0,0,0,0,0.1,0.0217345255272,0,0
"984",9330828,"010801070504",1.489077,0.0053606772,"VT",0,0,0,0,1,1.324650139506,0,0,0,0,0,0,0,0
"985",9330836,"010801070504",0.141101,0.0018202029,"VT",0,0,0,0,0.9,0.40480311384405,0,0,0,0,0.1,0.04497812376045,0,0
"986",9330856,"010801060303",0.360849,0.0197745252,"NH",0,0,0,0,0.9,4.3977456445914,0,0,0,0,0.1,0.4886384049546,0,0
"987",9330868,"010801060305",0.678455,0.04477803,"NH",0,0,0,0,1,11.06487510315,0,0,0,0,0,0,0,0
"988",9330874,"010801060305",1.258527,0.0017619378,"NH",0,0,0,0,0.9,0.3918452760621,0,0,0,0,0.1,0.0435383640069,0,0
"989",9330876,"010801060305",0.644902,0.0036114512,"NH",0,0,0,0,0.9,0.8031668838984,0,0,0,0,0.1,0.0892407648776,0,0
"990",9330886,"010801060304",0.641673,0.0008983422,"VT",0,0,0,0,0.9,0.1997863643979,0,0,0,0,0.1,0.0221984849331,0,0
"991",9330896,"010801060407",1.933713,0.0017403417,"NH",0,0,0,0,0,0,0,0,0,0,0.1,0.04300471357785,0,0
"992",9330932,"010801060406",0.696895,0.008083982,"NH",0,0,0,0,0,0,0.9,1.797833134899,0,0,0.1,0.199759237211,0,0
"993",9330936,"010801060406",0.686594,0.0054240926,"NH",0,0,0,0,0,0,0,0,0,0,0.1,0.1340320401923,0,0
"994",9330938,"010801060406",0.593999,0.0224531622,"NH",0,0,0,0,0.9,4.9934597808879,0,0,0,0,0.1,0.5548288645431,0,0
"995",9330940,"010801060406",0.342574,0.0198350346,"NH",0,0,0,0,0.9,4.4112026023497,0,0,0,0,0.1,0.4901336224833,0,0
"996",9330956,"010801060406",1.309258,0.028803676,"NH",0,0,0,0,1,7.11753235798,0,0,0,0,0,0,0,0
"997",9330962,"010801060702",1.011004,0.066726264,"NH",0,0,0,0,0.9,14.839554119148,0,0,0,0,0.1,1.648839346572,0,0
"998",9330968,"010801060702",1.108147,0.0242684193,"NH",0,0,0,0,0.9,5.39716297601385,0,0,0,0,0.1,0.59968477511265,0,0
"999",9330984,"010801060702",0.847739,0.0241605615,"NH",0,0,0,0,0.9,5.37317599451175,0,0,0,0,0.1,0.59701955494575,0,0
"1000",9330986,"010801060702",0.322404,0.075281334,"NH",0,0,0,0,0.9,16.742154634263,0,0,0,0,0.1,1.860239403807,0,0
"1001",9330988,"010801060702",0.771113,0.0071713509,"NH",0,0,0,0,0.9,1.59486899773005,0,0,0,0,0.1,0.17720766641445,0,0
"1002",9330994,"010801060702",1.017554,0.2516411042,"NH",0,0,0,0,0.9,55.9635975480069,0,0,0,0,0.1,6.2181775053341,0,0
"1003",9330996,"010801060701",1.242415,0.0736752095,"NH",0,0,0,0,1,18.2055126434975,0,0,0,0,0,0,0,0
"1004",9331004,"010801060701",1.269583,0.0234872855,"NH",0,0,0,0,0.9,5.22344311512975,0,0,0,0,0.1,0.58038256834775,0,0
"1005",9331006,"010801060701",1.094173,0.0027354325,"NH",0,0,0,0,0.9,0.60834514312125,0,0,0,0,0.1,0.06759390479125,0,0
"1006",9331046,"010801060703",1.363169,0.0009542183,"NH",0,0,0,0,0.9,0.21221290171935,0,0,0,0,0.1,0.02357921130215,0,0
"1007",9331050,"010801060703",1.35717,0.003664359,"NH",0,0,0,0,0.9,0.8149332876255,0,0,0,0,0.1,0.0905481430695,0,0
"1008",9331060,"010801070202",0.374569,0.0017979312,"NH",0,0,0,0,1,0.444277789176,0,0,0,0,0,0,0,0
"1009",9331062,"010801070202",0.340422,0.0008850972,"NH",0,0,0,0,0.9,0.1968407492454,0,0,0,0,0.1,0.0218711943606,0,0
"1010",9331066,"010801070203",0.635112,0.0018418248,"NH",0,0,0,0,0.9,0.4096117054836,0,0,0,0,0.1,0.0455124117204,0,0
"1011",9331074,"010801070203",1.682393,0.0169921693,"NH",0,0,0,0,0,0,0,0,0,0,0.1,0.41988499948765,0,0
"1012",9331084,"010801070203",1.69748,0.164825308,"NH",0,0,0,0,1,40.72915773334,0,0,0,0,0,0,0,0
"1013",9331094,"010801070501",1.318529,0.0044829986,"NH",0,0,0,0,0.9,0.9969942321477,0,0,0,0,0.1,0.1107771369053,0,0
"1014",9331124,"010801060303",0.344361,0.0080580474,"NH",0,0,0,0,1,1.991183802777,0,0,0,0,0,0,0,0
"1015",9331138,"010801060302",0.672382,0.1352160202,"NH",0,0,0,0,0.9,30.0712992043689,0,0,0,0,0.1,3.3412554671521,0,0
"1016",9331148,"010801060305",0.212482,0.0542466546,"NH",0.9,12.0641576264397,0,0,0,0,0,0,0,0,0,0,0.1,1.3404619584933
"1017",9331152,"010801060305",0.013816,0.0043175,"NH",0,0,0,0,0.9,0.96018825375,0,0,0,0,0.1,0.10668758375,0,0
"1018",9331156,"010801060402",0.003291,0.00082275,"NH",0,0,0,0,0.9,0.182975074875,0,0,0,0,0.1,0.020330563875,0,0
"1019",9331166,"010801060305",0.027543,0.0053295705,"NH",1,1.3169635184025,0,0,0,0,0,0,0,0,0,0,0,0
"1020",9331206,"010801060305",0.008445,0.0008445,"NH",0,0,0,0,1,0.2086801725,0,0,0,0,0,0,0,0
"1021",9331212,"010801060304",0.058018,0.0026804316,"VT",0.9,0.5961132454662,0,0,0,0,0,0,0,0,0,0,0.1,0.0662348050518
"1022",9331214,"010801060304",0.266189,0.0098223741,"VT",0,0,0,0,0.9,2.18444197678245,0,0,0,0,0.1,0.24271577519805,0,0
"1023",9331224,"010801060305",0.487441,0.0036070634,"NH",0,0,0,0,0.9,0.8021910613113,0,0,0,0,0.1,0.0891323401457,0,0
"1024",9331234,"010801060305",1.751922,0.126138384,"NH",0,0,0,0,0.9,28.052482840488,0,0,0,0,0.1,3.116942537832,0,0
"1025",9331244,"010801060402",0.551863,0.0027041287,"NH",0,0,0,0,0.9,0.60138335017215,0,0,0,0,0.1,0.06682037224135,0,0
"1026",9331252,"010801060402",0.653926,0.0026810966,"NH",0.9,0.5962611378087,0,0,0,0,0,0,0,0,0,0,0.1,0.0662512375343
"1027",9331272,"010801060406",0.28725,0.0009192,"NH",0,0,0,0,0.9,0.2044250244,0,0,0,0,0.1,0.0227138916,0,0
"1028",9331278,"010801060305",0.671898,0.022508583,"NH",0,0,0,0,0.9,5.0057850619935,0,0,0,0,0.1,0.5561983402215,0,0
"1029",9331298,"010801060305",0.600219,0.055820367,"NH",0,0,0,0,0.9,12.4141426087815,0,0,0,0,0.1,1.3793491787535,0,0
"1030",9331302,"010801060305",1.56542,0.130556028,"NH",0,0,0,0,0,0,0,0,0,0,0.1,3.226104729894,0,0
"1031",9331316,"010801060402",0.81656,0.033397304,"NH",0,0,0,0,1,8.25264080492,0,0,0,0,0,0,0,0
"1032",9331340,"010801060402",0.22,0.00539,"NH",0,0,0,0,1,1.33189595,0,0,0,0,0,0,0,0
"1033",9331342,"010801060407",0.513854,0.0396695288,"NH",0,0,0,0,0.9,8.8222850227116,0,0,0,0,0.1,0.9802538914124,0,0
"1034",9331344,"010801060407",0.020478,0.0017058174,"NH",0,0,0,0,0.9,0.3793644077643,0,0,0,0,0.1,0.0421516008627,0,0
"1035",9331346,"010801060407",0.225088,0.0098588544,"NH",0,0,0,0,0.9,2.1925549948608,0,0,0,0,0.1,0.2436172216512,0,0
"1036",9331354,"010801060702",0.970259,0.0098966418,"NH",0,0,0,0,0.9,2.2009587047901,0,0,0,0,0.1,0.2445509671989,0,0
"1037",9331358,"010801060702",1.134195,0.002722068,"NH",0,0,0,0,0.9,0.605372951826,0,0,0,0,0.1,0.067263661314,0,0
"1038",9331364,"010801060702",0.299451,0.000898353,"NH",0,0,0,0,0.9,0.1997887662585,0,0,0,0,0.1,0.0221987518065,0,0
"1039",9331372,"010801060702",0.021432,0.00171456,"NH",0,0,0,0,0.9,0.38130871392,0,0,0,0,0.1,0.04236763488,0,0
"1040",9331388,"010801060702",0.293827,0.047599974,"NH",0,0,0,0,0.9,10.585972417743,0,0,0,0,0.1,1.176219157527,0,0
"1041",9331396,"010801060702",0.034907,0,"NH",0,0,0,0,1,0,0,0,0,0,0,0,0,0
"1042",9331398,"010801060702",0.703662,0.040460565,"NH",0,0,0,0,0.9,8.9982071228925,0,0,0,0,0.1,0.9998007914325,0,0
"1043",9331404,"010801060702",0.833223,0.0525763713,"NH",0,0,0,0,1,12.9918842300865,0,0,0,0,0,0,0,0
"1044",9331410,"010801060702",1.674003,0.0135594243,"NH",0,0,0,0,0.9,3.01554138748635,0,0,0,0,0.1,0.33506015416515,0,0
"1045",9331412,"010801060702",0.794164,0.0081004728,"NH",0,0,0,0,0.9,1.8015005981196,0,0,0,0,0.1,0.2001667331244,0,0
"1046",9331416,"010801060702",1.148242,0.0630384858,"NH",0,0,0,0,0.9,14.0194125302481,0,0,0,0,0.1,1.5577125033609,0,0
"1047",9331446,"010801060702",0.672999,0.0179690733,"NH",0,0,0,0,0.9,3.99622307201685,0,0,0,0,0.1,0.44402478577965,0,0
"1048",9331456,"010801070201",0.081456,0.0009041616,"NH",0,0,0,0,0.9,0.2010805669512,0,0,0,0,0.1,0.0223422852168,0,0
"1049",9331464,"010801060702",0.462559,0.1296552877,"NH",0,0,0,0,0.9,28.8346228803976,0,0,0,0,0.1,3.20384698671085,0,0
"1050",9331468,"010801060403",0.541835,0.0009211195,"NH",0,0,0,0,1,0.2276132340475,0,0,0,0,0,0,0,0
"1051",9331474,"010801060702",0.407684,0.0928704152,"NH",0,0,0,0,0.9,20.6538695531964,0,0,0,0,0.1,2.2948743947996,0,0
"1052",9331478,"010801060702",0.507067,0.0496418593,"NH",0,0,0,0,0.9,11.0400764780939,0,0,0,0,0.1,1.22667516423265,0,0
"1053",9331488,"010801070201",0.10657,0.000927159,"NH",0,0,0,0,0.9,0.2061950622255,0,0,0,0,0.1,0.0229105624695,0,0
"1054",9331492,"010801070201",0.182748,0.0017909304,"NH",0,0,0,0,0.9,0.3982930708428,0,0,0,0,0.1,0.0442547856492,0,0
"1055",9331510,"010801060702",1.051106,0.053080853,"NH",0,0,0,0,0.9,11.8048897625085,0,0,0,0,0.1,1.3116544180565,0,0
"1056",9331512,"010801060702",0.008295,0.0027647235,"NH",0,0,0,0,0.9,0.61485930042075,0,0,0,0,0.1,0.06831770004675,0,0
"1057",9331514,"010801060702",0.205474,0.0571834142,"NH",0,0,0,0,0.9,12.7172768093019,0,0,0,0,0.1,1.4130307565891,0,0
"1058",9331524,"010801060703",0.312488,0.0009062152,"NH",0,0,0,0,0.9,0.2015372762964,0,0,0,0,0.1,0.0223930306996,0,0
"1059",9331532,"010801060703",3.928164,0.742422996,"NH",0,0,0,0,1,183.45643442658,0,0,0,0,0,0,0,0
"1060",9331534,"010801060703",0.414861,0.0107448999,"NH",0,0,0,0,0.9,2.38960664081055,0,0,0,0,0.1,0.26551184897895,0,0
"1061",9331536,"010801060703",0.395624,0.0099697248,"VT",0,0,0,0,0.9,2.2172119620336,0,0,0,0,0.1,0.2463568846704,0,0
"1062",9331538,"010801070203",0.554486,0.0063211404,"NH",0,0,0,0,0.9,1.4057868586878,0,0,0,0,0.1,0.1561985398542,0,0
"1063",9331546,"010801070501",0.686682,0.1371303954,"NH",0,0,0,0,0.9,30.4970457197853,0,0,0,0,0.1,3.3885606355317,0,0
"1064",9331548,"010801070501",0.276578,0.038859209,"NH",0,0,0,0,0.9,8.6420743559505,0,0,0,0,0.1,0.9602304839945,0,0
"1065",9331552,"010801070501",0.371109,0.0304680489,"NH",0,0,0,0,0.9,6.77592650109105,0,0,0,0,0.1,0.75288072234345,0,0
"1066",9331558,"010801070501",0.169749,0.0188591139,"NH",0,0,0,0,0.9,4.19416320623355,0,0,0,0,0.1,0.46601813402595,0,0
"1067",9331562,"010801070501",0.267816,0.0358337808,"NH",0,0,0,0,0.9,7.9692357641256,0,0,0,0,0.1,0.8854706404584,0,0
"1068",9331566,"010801070501",0.092526,0.0108810576,"NH",0,0,0,0,0.9,2.4198873644232,0,0,0,0,0.1,0.2688763738248,0,0
"1069",9331570,"010801070501",0.13596,0.046511916,"NH",0,0,0,0,0.9,10.343994302862,0,0,0,0,0.1,1.149332700318,0,0
"1070",9331572,"010801070501",1.739701,0.7527686227,"NH",0,0,0,0,1,186.012890512283,0,0,0,0,0,0,0,0
"1071",9331576,"010801070501",1.95225,0.15110415,"NH",0,0,0,0,0.9,33.604731887175,0,0,0,0,0.1,3.733859098575,0,0
"1072",9331580,"010801070501",2.398637,0.7872326634,"NH",0,0,0,0,0,0,0,0,0,0,0.1,19.4529127289457,0,0
"1073",9331590,"010801070501",1.113222,0.282201777,"NH",0,0,0,0,0.9,62.7601230950265,0,0,0,0,0.1,6.9733470105585,0,0
"1074",9331596,"010801070501",1.411032,0.5817684936,"NH",0,0,0,0,1,143.757903611028,0,0,0,0,0,0,0,0
"1075",9331602,"010801070502",0.551366,0.07443441,"NH",0,0,0,0,0.9,16.553803394745,0,0,0,0,0.1,1.839311488305,0,0
"1076",9331628,"010801060405",0.027111,0.0009678627,"NH",0,0,0,0,0.9,0.21524734123515,0,0,0,0,0.1,0.02391637124835,0,0
"1077",9331634,"010801070501",0.012007,0.0060035,"NH",0,0,0,0,0.9,1.33514538075,0,0,0,0,0.1,0.14834948675,0,0
"1078",9331668,"010801060406",0.132647,0.0027059988,"NH",0,0,0,0,0.9,0.6017992501266,0,0,0,0,0.1,0.0668665833474,0,0
"1079",9331692,"010801060703",0.227039,0.002724468,"NH",0,0,0,0,0.9,0.605906698626,0,0,0,0,0.1,0.067322966514,0,0
"1080",9331700,"010801070202",0.277726,0.001805219,"NH",0,0,0,0,1,0.446078640995,0,0,0,0,0,0,0,0
"1081",9331702,"010801060703",1.069016,0.0153938304,"VT",0,0,0,0,0.9,3.4235032148928,0,0,0,0,0.1,0.3803892460992,0,0
"1082",9331712,"010801060303",0.027066,0.000933777,"NH",0,0,0,0,0.9,0.2076668690265,0,0,0,0,0.1,0.0230740965585,0,0
"1083",9331724,"010801060402",2.972328,0.0496378776,"NH",0,0,0,0,0,0,0.9,11.0391909699132,0,0,0.1,1.2265767744348,0,0
"1084",9332144,"010801070504",0.277773,0.0009166509,"VT",0,0,0,0,0.9,0.20385811858005,0,0,0,0,0.1,0.02265090206445,0,0
"1085",9332148,"010801070504",0.031624,0.0027101768,"VT",0.9,0.6027284143476,0,0,0,0,0,0,0,0,0,0,0.1,0.0669698238164
"1086",9332150,"010801070502",0.584629,0.0180065732,"NH",0,0,0,0,0.9,4.0045628435274,0,0,0,0,0.1,0.4449514270586,0,0
"1087",9332154,"010801070502",1.045961,0.0368178272,"NH",0,0,0,0,0.9,8.1880822712304,0,0,0,0,0.1,0.9097869190256,0,0
"1088",9332160,"010801070502",1.335737,0.0108194697,"NH",0,0,0,0,0.9,2.40619055419665,0,0,0,0,0.1,0.26735450602185,0,0
"1089",9332164,"010801070504",0.602487,0.0505486593,"VT",0,0,0,0,0.9,11.2417438106938,0,0,0,0,0.1,1.24908264563265,0,0
"1090",9332168,"010801070502",0.284762,0.0099097176,"VT",0,0,0,0,0.9,2.2038666907932,0,0,0,0,0.1,0.2448740767548,0,0
"1091",9332170,"010801070502",0.2442,0.01167276,"VT",0,0,0,0,0.9,2.59595762382,0,0,0,0,0.1,0.28843973598,0,0
"1092",9332172,"010801070504",2.592586,0.014259223,"VT",0,0,0,0,1,3.523525299415,0,0,0,0,0,0,0,0
"1093",9332182,"010801070502",1.015248,0.31472688,"NH",0,0,0,0,0.9,69.99352711416,0,0,0,0,0.1,7.77705856824,0,0
"1094",9332196,"010801070505",1.244769,0.0008713383,"VT",0,0,0,0,0.9,0.19378084555935,0,0,0,0,0.1,0.02153120506215,0,0
"1095",9332206,"010801070505",2.073978,0.281024019,"NH",0,0,0,0,0.9,62.4981961934955,0,0,0,0,0.1,6.9442440214995,0,0
"1096",9332210,"010801070503",0.935018,0.000935018,"NH",0,0,0,0,0.9,0.207942860601,0,0,0,0,0.1,0.023104762289,0,0
"1097",9332212,"010801070503",0.678295,0.0035949635,"NH",0,0,0,0,0,0,1,0.8883334556675,0,0,0,0,0,0
"1098",9332224,"010801070503",1.083693,0.0008669544,"NH",0,0,0,0,0.9,0.1928058903108,0,0,0,0,0.1,0.0214228767012,0,0
"1099",9332226,"010801070505",1.670217,0.0215457993,"VT",0,0,0,0,0,0,0,0,0,0,0.1,0.53240747360265,0,0
"1100",9332234,"010801070505",1.084578,0.0008676624,"NH",0,0,0,0,0.9,0.1929633456168,0,0,0,0,0.1,0.0214403717352,0,0
"1101",9332236,"010801070505",0.341124,0.0008869224,"NH",0,0,0,0,1,0.219162959652,0,0,0,0,0,0,0,0
"1102",9332246,"010801070505",1.672232,0.116220124,"NH",0,0,0,0,0.9,25.846716366918,0,0,0,0,0.1,2.871857374102,0,0
"1103",9332250,"010801070506",0.713601,0.0009276813,"VT",0,0,0,0,0.9,0.20631121887285,0,0,0,0,0.1,0.02292346876365,0,0
"1104",9332290,"010801070505",1.063438,0.0008507504,"NH",0,0,0,0,0.9,0.1892022098328,0,0,0,0,0.1,0.0210224677592,0,0
"1105",9332296,"010801070506",0.409301,0.0332761713,"VT",0,0,0,0,0.9,7.40043747817785,0,0,0,0,0.1,0.82227083090865,0,0
"1106",9332300,"010801070506",1.661915,0.114672135,"VT",0,0,0,0,1,28.336057919175,0,0,0,0,0,0,0,0
"1107",9332306,"010801070506",0.233108,0.0009091212,"VT",0,0,0,0,0.9,0.2021835547134,0,0,0,0,0.1,0.0224648394126,0,0
"1108",9332312,"010801070506",0.729737,0.0008756844,"VT",0,0,0,0,0.9,0.1947473942958,0,0,0,0,0.1,0.0216385993662,0,0
"1109",9332314,"010801070506",1.378345,0.0053755455,"VT",0,0,0,0,0,0,0,0,0,0,0.1,0.13283241707775,0,0
"1110",9332316,"010801070506",1.408168,0.0026755192,"VT",0,0,0,0,0.9,0.5950207547244,0,0,0,0,0.1,0.0661134171916,0,0
"1111",9332320,"010801070507",1.741415,0.001741415,"NH",0,0,0,0,0.9,0.3872811182175,0,0,0,0,0.1,0.0430312353575,0,0
"1112",9332322,"010801070507",0.005579,0.0007972391,"NH",0,0,0,0,1,0.1970017678055,0,0,0,0,0,0,0,0
"1113",9332328,"010801070507",1.291407,0.0125266479,"VT",0,0,0,0,0.9,2.78585759639655,0,0,0,0,0.1,0.30953973293295,0,0
"1114",9332350,"010801070507",0.411295,0.002714547,"VT",0,0,0,0,0.9,0.6037003227915,0,0,0,0,0.1,0.0670778136435,0,0
"1115",9332354,"010801070507",1.097275,0.008997655,"VT",0,0,0,0,0.9,2.0010289848975,0,0,0,0,0.1,0.2223365538775,0,0
"1116",9332356,"010801070507",0.043666,0.0008383872,"VT",0,0,0,0,0.9,0.1864527021504,0,0,0,0,0.1,0.0207169669056,0,0
"1117",9332364,"010801070507",1.553171,0.0054360985,"VT",0,0,0,0,1,1.3432871198425,0,0,0,0,0,0,0,0
"1118",9332378,"010801070507",0.890138,0.0036495658,"VT",0,0,0,0,0.9,0.8116433613081,0,0,0,0,0.1,0.0901825957009,0,0
"1119",9332384,"010801070507",0.853382,0.0017921022,"VT",0,0,0,0,0.9,0.3985536727179,0,0,0,0,0.1,0.0442837414131,0,0
"1120",9332482,"010801070502",0.037925,0.0070578425,"NH",1,1.7440281709625,0,0,0,0,0,0,0,0,0,0,0,0
"1121",9332486,"010801070502",0.463373,0.1647291015,"NH",0,0,0,0,0.9,36.6348461635418,0,0,0,0,0.1,4.07053846261575,0,0
"1122",9332490,"010801070502",0.817058,0.1979731534,"NH",0,0,0,0,0.9,44.0281404638163,0,0,0,0,0.1,4.8920156070907,0,0
"1123",9332494,"010801070502",1.18732,0.161000592,"NH",0,0,0,0,0.9,35.805646157544,0,0,0,0,0.1,3.978405128616,0,0
"1124",9332496,"010801070505",1.688907,0.2898164412,"NH",0,0,0,0,0,0,0,0,0,0,0.1,7.1615091702726,0,0
"1125",9332512,"010801070505",2.601013,0.1511188553,"NH",0,0,0,0,0,0,0,0,0,0,0.1,3.73422247389065,0,0
"1126",9332528,"010801070505",0.264863,0.0036286231,"NH",0,0,0,0,0.9,0.80698582001295,0,0,0,0,0.1,0.08966509111255,0,0
"1127",9332532,"010801070505",1.062324,0.0333569736,"NH",0,0,0,0,1,8.242674961428,0,0,0,0,0,0,0,0
"1128",9332542,"010801070507",0.075839,0.0089186664,"NH",0,0,0,0,0.9,1.9834623546948,0,0,0,0,0.1,0.2203847060772,0,0
"1129",9332550,"010801070507",0.507298,0.0442363856,"NH",0,0,0,0,0.9,9.8379288573192,0,0,0,0,0.1,1.0931032063688,0,0
"1130",9332570,"010801070507",0.181286,0.0412788222,"VT",0,0,0,0,0.9,9.1801830237579,0,0,0,0,0.1,1.0200203359731,0,0
"1131",9332580,"010801070507",0.018574,0.0061907142,"NH",0,0,0,0,0.9,1.3767807891519,0,0,0,0,0.1,0.1529756432391,0,0
"1132",9332582,"010801070507",0.712515,0.1013908845,"NH",0,0,0,0,0.9,22.5487750629353,0,0,0,0,0.1,2.50541945143725,0,0
"1133",9332584,"010801070507",0.433021,0.0726176217,"VT",0,0,0,0,0.9,16.1497596691607,0,0,0,0,0.1,1.79441774101785,0,0
"1134",9336430,"010801060702",0.12451,0.047139486,"NH",0,0,0,0,0.9,10.483562419227,0,0,0,0,0.1,1.164840268803,0,0
"1135",9336440,"010801040203",0.129473,0.0027318803,"NH",0,0,0,0,0.9,0.60755515337835,0,0,0,0,0.1,0.06750612815315,0,0
"1136",9336444,"010801040401",0.604052,0.0388405436,"NH",0,0,0,0,0.9,8.6379232736502,0,0,0,0,0.1,0.9597692526278,0,0
"1137",9336446,"010801060106",0.278034,0.0532713144,"NH",0,0,0,0,0.9,11.8472473303308,0,0,0,0,0.1,1.3163608144812,0,0
"1138",10102038,"010801060601",1.724358,0.000862179,"VT",0,0,0,0,1,0.213048741795,0,0,0,0,0,0,0,0
"1139",10102062,"010801060601",4.875776,0.0082888192,"VT",0,0,0,0,1,2.048208668416,0,0,0,0,0,0,0,0
"1140",10102068,"010801060601",2.494525,0.050389405,"VT",0,0,0,0,1,12.451473922525,0,0,0,0,0,0,0,0
"1141",10102122,"010801060602",1.843288,0.001843288,"VT",0,0,0,0,0,0,1,0.45548568124,0,0,0,0,0,0
"1142",10102132,"010801070301",6.828474,0.0177540324,"VT",0,0,0,0,0,0,1,4.387110176202,0,0,0,0,0,0
"1143",10102156,"010801060602",1.027745,0.007194215,"VT",0,0,0,0,1,1.777726497575,0,0,0,0,0,0,0,0
"1144",10102166,"010801060602",1.588545,0.000953127,"VT",0,0,0,0,1,0.235522447335,0,0,0,0,0,0,0,0
"1145",10102176,"010801070301",4.398379,0.0070374064,"VT",0,0,0,0,0,0,1,1.738978308472,0,0,0,0,0,0
"1146",10102186,"010801060602",3.843873,0.0134535555,"VT",0,0,0,0,1,3.3244408318275,0,0,0,0,0,0,0,0
"1147",10102190,"010801060602",0.043839,0.0053658936,"VT",0,0,0,0,1,1.325939138028,0,0,0,0,0,0,0,0
"1148",10102196,"010801070302",0.19338,0.001798434,"VT",0,0,0,0,0,0,0,0,0.9,0.399961830213,0.1,0.044440203357,0,0
"1149",10102216,"010801060602",0.149395,0.0364374405,"VT",0,0,0,0,0.9,8.10348636127725,0,0,0,0,0.1,0.90038737347525,0,0
"1150",10102218,"010801060602",0.1391,0.03744572,"VT",0,0,0,0,0.9,8.32772217654,0,0,0,0,0.1,0.92530246406,0,0
"1151",10102220,"010801070302",1.891148,0.0090775104,"VT",0,0,0,0,1,2.243098207392,0,0,0,0,0,0,0,0
"1152",10102226,"010801060602",0.673835,0.0062666655,"VT",0,0,0,0,1,1.5485243783775,0,0,0,0,0,0,0,0
"1153",10102240,"010801070303",0.149621,0.0036058661,"VT",0,0,0,0,1,0.8910275426405,0,0,0,0,0,0,0,0
"1154",10102250,"010801060602",1.158252,0,"VT",0,0,0,0,1,0,0,0,0,0,0,0,0,0
"1155",10102260,"010801060602",1.412716,0.0018365308,"VT",0,0,0,0,1,0.453815943334,0,0,0,0,0,0,0,0
"1156",10102268,"010801060603",1.939776,0.000969888,"VT",0,0,0,0,1,0.23966417424,0,0,0,0,0,0,0,0
"1157",10102272,"010801060603",0.216159,0.0017941197,"VT",0,0,0,0,0.9,0.39900235362165,0,0,0,0,0.1,0.04433359484685,0,0
"1158",10102290,"010801060603",0.535044,0.0126270384,"VT",0,0,0,0,0.9,2.8081838914488,0,0,0,0,0.1,0.3120204323832,0,0
"1159",10102298,"010801060603",0.694319,0.0045130735,"VT",0,0,0,0,0.9,1.00368272449575,0,0,0,0,0.1,0.11152030272175,0,0
"1160",10102302,"010801060603",1.086736,0.0045642912,"VT",0,0,0,0,0.9,1.0150732592784,0,0,0,0,0.1,0.1127859176976,0,0
"1161",10102304,"010801060603",2.27754,0.000911016,"VT",0,0,0,0,1,0.22511660868,0,0,0,0,0,0,0,0
"1162",10102310,"010801060603",0.614293,0.0170773454,"VT",0,0,0,0,0,0,0,0,0,0,0.1,0.4219897435067,0,0
"1163",10102314,"010801070303",3.02459,0.00907377,"VT",0,0,0,0,0,0,0,0,0.9,2.017956542265,0.1,0.224217393585,0,0
"1164",10102318,"010801060603",2.251517,0.0018012136,"VT",0,0,0,0,1,0.445088886628,0,0,0,0,0,0,0,0
"1165",10102324,"010801060603",6.645321,0.0431945865,"VT",0,0,0,0,1,10.6735982970825,0,0,0,0,0,0,0,0
"1166",10102338,"010801060603",0.769944,0.0125500872,"VT",0,0,0,0,0.9,2.7910703678004,0,0,0,0,0.1,0.3101189297556,0,0
"1167",10102344,"010801060603",1.661385,0.003655047,"VT",0,0,0,0,0.9,0.8128623500415,0,0,0,0,0.1,0.0903180388935,0,0
"1168",10102348,"010801060603",1.351529,0.0305445554,"VT",0,0,0,0,1,7.547712362117,0,0,0,0,0,0,0,0
"1169",10102354,"010801060603",0.734012,0.0151940484,"VT",0,0,0,0,1,3.754525329882,0,0,0,0,0,0,0,0
"1170",10102358,"010801070101",2.737462,0.0008212386,"VT",0,0,0,0,1,0.202932164253,0,0,0,0,0,0,0,0
"1171",10102368,"010801070101",5.333982,0.002666991,"VT",0,0,0,0,0,0,0,0,1,0.659026811055,0,0,0,0
"1172",10102388,"010801070101",1.087948,0.0485224808,"VT",0,0,0,0,1,11.990147618084,0,0,0,0,0,0,0,0
"1173",10102396,"010801070307",2.075497,0.0008301988,"VT",0,0,0,0,1,0.205146274474,0,0,0,0,0,0,0,0
"1174",10102398,"010801070307",0.080494,0.0008934834,"VT",0,0,0,0,0.9,0.1987057940013,0,0,0,0,0.1,0.0220784215557,0,0
"1175",10102404,"010801070101",4.51894,0.00903788,"VT",0,0,0,0,1,2.2333053374,0,0,0,0,0,0,0,0
"1176",10102412,"010801070101",3.355898,0.0144303614,"VT",0,0,0,0,1,3.565814453747,0,0,0,0,0,0,0,0
"1177",10102422,"010801070102",1.827736,0.0135252464,"VT",0,0,0,0,1,3.342156011672,0,0,0,0,0,0,0,0
"1178",10102432,"010801070102",1.387836,0.09714852,"VT",0,0,0,0,1,24.0058850346,0,0,0,0,0,0,0,0
"1179",10102442,"010801070102",3.023901,0.0154218951,"VT",0,0,0,0,1,3.8108273886855,0,0,0,0,0,0,0,0
"1180",10102446,"010801070102",3.002197,0.0252184548,"VT",0,0,0,0,1,6.231606273354,0,0,0,0,0,0,0,0
"1181",10102452,"010801070102",0.844964,0.0872002848,"VT",0,0,0,0,1,21.547626375504,0,0,0,0,0,0,0,0
"1182",10102460,"010801070102",0.680397,0.0770889801,"VT",0,0,0,0,0.9,17.1441651848495,0,0,0,0,0.1,1.90490724276105,0,0
"1183",10102462,"010801070102",0.943822,0.0421888434,"VT",0,0,0,0,0.9,9.3825667335213,0,0,0,0,0.1,1.0425074148357,0,0
"1184",10102470,"010801070307",1.472191,0.0045637921,"VT",0,0,0,0,0,0,0,0,0,0,0.1,0.11277358468705,0,0
"1185",10102476,"010801070102",1.243478,0.0008704346,"VT",0,0,0,0,0,0,1,0.215088741833,0,0,0,0,0,0
"1186",10102482,"010801070102",0.717804,0.0384742944,"VT",0,0,0,0,1,9.507190517712,0,0,0,0,0,0,0,0
"1187",10102484,"010801070307",1.497645,0.007188696,"VT",0,0,0,0,0,0,0,0,0,0,0.1,0.177636272508,0,0
"1188",10102486,"010801070307",0.336584,0.0017838952,"VT",0,0,0,0,1,0.440809423396,0,0,0,0,0,0,0,0
"1189",10102490,"010801070101",0.247135,0.0018040855,"VT",0,0,0,0,0.9,0.40121869272975,0,0,0,0,0.1,0.04457985474775,0,0
"1190",10102506,"010801070102",0.726493,0.0071922807,"VT",0,0,0,0,1,1.7772485223735,0,0,0,0,0,0,0,0
"1191",10102516,"010801070102",1.996142,0.0035930556,"VT",0,0,0,0,1,0.887862004038,0,0,0,0,0,0,0,0
"1192",10102518,"010801070102",0.605723,0.0027257535,"VT",0,0,0,0,0.9,0.60619258675575,0,0,0,0,0.1,0.06735473186175,0,0
"1193",10102524,"010801070102",1.320889,0.0009246223,"VT",0,0,0,0,1,0.2284787934415,0,0,0,0,0,0,0,0
"1194",10102532,"010801070306",3.663255,0.00732651,"VT",0,0,0,0,1,1.81041725355,0,0,0,0,0,0,0,0
"1195",10102534,"010801070306",1.150211,0.0072463293,"VT",0,0,0,0,0.9,1.61154378150885,0,0,0,0,0.1,0.17906042016765,0,0
"1196",10102540,"010801070102",5.663626,0.0090618016,"VT",0,0,0,0,1,2.239216484368,0,0,0,0,0,0,0,0
"1197",10102550,"010801070102",5.492213,0.0082383195,"VT",0,0,0,0,1,2.0357299400475,0,0,0,0,0,0,0,0
"1198",10102554,"010801070306",1.167686,0.001751529,"VT",0,0,0,0,0.9,0.3895304161905,0,0,0,0,0.1,0.0432811573545,0,0
"1199",10102556,"010801070402",0.735822,0.0206765982,"VT",0,0,0,0,0.9,4.5983617183899,0,0,0,0,0.1,0.5109290798211,0,0
"1200",10102558,"010801070402",1.561498,0.0170203282,"VT",0,0,0,0,0.9,3.7852273798749,0,0,0,0,0.1,0.4205808199861,0,0
"1201",10102570,"010801070402",3.84003,0.007296057,"VT",0,0,0,0,1,1.802892164985,0,0,0,0,0,0,0,0
"1202",10102572,"010801070402",0.23488,0.000892544,"VT",0,0,0,0,0.9,0.198496876608,0,0,0,0,0.1,0.022055208512,0,0
"1203",10102574,"010801070307",2.05643,0.009048292,"VT",0,0,0,0,1,2.23587819466,0,0,0,0,0,0,0,0
"1204",10102576,"010801070307",1.477447,0.0072394903,"VT",0,0,0,0,0.9,1.61002282552335,0,0,0,0,0.1,0.17889142505815,0,0
"1205",10102582,"010801070402",0.925512,0.0062934816,"VT",0,0,0,0,0.9,1.3996356936912,0,0,0,0,0.1,0.1555150770768,0,0
"1206",10102586,"010801070401",2.632759,0.0197456925,"VT",0,0,0,0,0.9,4.39133341069125,0,0,0,0,0.1,0.48792593452125,0,0
"1207",10102588,"010801070401",0.24767,0.014315326,"VT",0,0,0,0,0.9,3.183649768107,0,0,0,0,0.1,0.353738863123,0,0
"1208",10102590,"010801070402",0.389744,0.0018317968,"VT",0,0,0,0,0.9,0.4073815334376,0,0,0,0,0.1,0.0452646148264,0,0
"1209",10102598,"010801070402",0.310251,0.0017994558,"VT",0,0,0,0,0.9,0.4001890729131,0,0,0,0,0.1,0.0444654525459,0,0
"1210",10102604,"010801070402",3.352836,0.0154230456,"VT",0,0,0,0,1,3.811111682988,0,0,0,0,0,0,0,0
"1211",10102614,"010801070402",0.213021,0.0143789175,"VT",0,0,0,0,1,3.5531024088375,0,0,0,0,0,0,0,0
"1212",10102618,"010801070402",1.417201,0.0008503206,"VT",0,0,0,0,0.9,0.1891066246767,0,0,0,0,0.1,0.0210118471863,0,0
"1213",10102620,"010801070402",0.143607,0.0009047241,"VT",0,0,0,0,0.9,0.20120566385745,0,0,0,0,0.1,0.02235618487305,0,0
"1214",10102622,"010801070402",0.447943,0.0027324523,"VT",0,0,0,0,0.9,0.60768236303235,0,0,0,0,0.1,0.06752026255915,0,0
"1215",10102628,"010801070402",0.824187,0.0162364839,"VT",0,0,0,0,0.9,3.61090471869855,0,0,0,0,0.1,0.40121163541095,0,0
"1216",10102632,"010801070402",0.314267,0.0080766619,"VT",0,0,0,0,0.9,1.79620518491955,0,0,0,0,0.1,0.19957835387995,0,0
"1217",10102634,"010801070402",0.014785,0.0046203125,"VT",0,0,0,0,1,1.1417023203125,0,0,0,0,0,0,0,0
"1218",10102636,"010801070402",0.743005,0.002674818,"VT",0,0,0,0,0.9,0.594864811701,0,0,0,0,0.1,0.066096090189,0,0
"1219",10102644,"010801070403",4.111788,0.0037006092,"VT",0,0,0,0,1,0.914439036366,0,0,0,0,0,0,0,0
"1220",10102652,"010801070402",2.341575,0.02341575,"VT",0,0,0,0,1,5.78614890375,0,0,0,0,0,0,0,0
"1221",10102654,"010801070402",0.198502,0.003573036,"VT",0,0,0,0,0.9,0.794623554702,0,0,0,0,0.1,0.088291506078,0,0
"1222",10102658,"010801070402",3.09784,0.007125032,"VT",0,0,0,0,0,0,0,0,0,0,0.1,0.176063103236,0,0
"1223",10102660,"010801070402",0.067552,0.0018036384,"VT",0,0,0,0,1,0.445688066832,0,0,0,0,0,0,0,0
"1224",10102662,"010801070403",1.504045,0.004512135,"VT",0,0,0,0,0.9,1.0034740072575,0,0,0,0,0.1,0.1114971119175,0,0
"1225",10102672,"010801070402",0.063198,0.0051948756,"VT",0,0,0,0,0.9,1.1553117616242,0,0,0,0,0.1,0.1283679735138,0,0
"1226",10102678,"010801070401",3.278756,0.0252464212,"VT",0,0,0,0,1,6.238516910626,0,0,0,0,0,0,0,0
"1227",10102680,"010801070402",0.148853,0.0009080033,"VT",0,0,0,0,0.9,0.20193493990185,0,0,0,0,0.1,0.02243721554465,0,0
"1228",10102682,"010801070402",3.076174,0.0009228522,"VT",0,0,0,0,0,0,0,0,0,0,0.1,0.0228041392881,0,0
"1229",10102686,"010801070403",0.948244,0.0008534196,"VT",0,0,0,0,0.9,0.1897958252322,0,0,0,0,0.1,0.0210884250258,0,0
"1230",10102688,"010801070401",0.446164,0.0027216004,"VT",0,0,0,0,1,0.672521066842,0,0,0,0,0,0,0,0
"1231",10102696,"010801070402",0.793755,0.004445028,"VT",0,0,0,0,0.9,0.988549779546,0,0,0,0,0.1,0.109838864394,0,0
"1232",10102702,"010801070402",1.37093,0.000959651,"VT",0,0,0,0,1,0.237134560355,0,0,0,0,0,0,0,0
"1233",10102704,"010801070401",0.985368,0.0045326928,"VT",0,0,0,0,0.9,1.0080459489096,0,0,0,0,0.1,0.1120051054344,0,0
"1234",10102708,"010801070403",2.922415,0.009936211,"VT",0,0,0,0,1,2.455287419155,0,0,0,0,0,0,0,0
"1235",10102710,"010801070403",0.310309,0.0008998961,"VT",0,0,0,0,0.9,0.20013194321145,0,0,0,0,0.1,0.02223688257905,0,0
"1236",10102724,"010801070402",2.191086,0.0477656748,"VT",0,0,0,0,0.9,10.6228233643086,0,0,0,0,0.1,1.1803137071454,0,0
"1237",10102726,"010801070403",1.241057,0.0044678052,"VT",0,0,0,0,0.9,0.9936153035514,0,0,0,0,0.1,0.1104017003946,0,0
"1238",10102730,"010801070402",2.244126,0.0062835528,"VT",0,0,0,0,0.9,1.3974275831796,0,0,0,0,0.1,0.1552697314644,0,0
"1239",10102732,"010801070402",0.138694,0.027184024,"VT",0,0,0,0,1,6.71730825052,0,0,0,0,0,0,0,0
"1240",10102742,"010801070405",3.271772,0.0019630632,"VT",0,0,0,0,1,0.485082732036,0,0,0,0,0,0,0,0
"1241",10102762,"010801070301",10.210026,0.0449241144,"VT",0,0,0,0,1,11.100973288812,0,0,0,0,0,0,0,0
"1242",10102772,"010801060602",5.707985,0.1455536175,"VT",0,0,0,0,1,35.9670266523375,0,0,0,0,0,0,0,0
"1243",10102780,"010801060602",4.320335,0.171949333,"VT",0,0,0,0,1,42.489539930965,0,0,0,0,0,0,0,0
"1244",10102788,"010801060602",3.681503,0.003681503,"VT",0,0,0,0,0,0,0.9,0.8187460189335,0,0,0.1,0.0909717798815,0,0
"1245",10102796,"010801070301",2.361776,0.0422757904,"VT",0,0,0,0,1,10.446559186792,0,0,0,0,0,0,0,0
"1246",10102802,"010801070303",0.883012,0.002649036,"VT",0,0,0,0,0.9,0.589131036702,0,0,0,0,0.1,0.065459004078,0,0
"1247",10102806,"010801070303",7.582754,0.0735527138,"VT",0,0,0,0,0,0,0.9,16.3577190091941,0,0,0.1,1.8175243343549,0,0
"1248",10102816,"010801060603",1.866647,0.0341596401,"VT",0,0,0,0,1,8.4410178669105,0,0,0,0,0,0,0,0
"1249",10102820,"010801060603",1.194203,0.0126585518,"VT",0,0,0,0,0.9,2.8151922982851,0,0,0,0,0.1,0.3127991442539,0,0
"1250",10102826,"010801070101",2.503155,0.004505679,"VT",0,0,0,0,1,1.113375809295,0,0,0,0,0,0,0,0
"1251",10102830,"010801070304",8.599908,0.0163398252,"VT",0,0,0,0,0,0,0.9,3.6338872554414,0,0,0.1,0.4037652506046,0,0
"1252",10102836,"010801070304",31.432504,0.2546032824,"VT",0,0,0,0,1,62.913744097452,0,0,0,0,0,0,0,0
"1253",10102838,"010801070305",1.12797,0.001804752,"VT",0,0,0,0,0,0,0,0,0,0,0.1,0.044596324296,0,0
"1254",10102848,"010801070102",0.087413,0.008916126,"VT",0,0,0,0,0.9,1.982897383707,0,0,0,0,0.1,0.220321931523,0,0
"1255",10102858,"010801070101",0.38442,0.001806774,"VT",0,0,0,0,0,0,0,0,0,0,0.1,0.044646288927,0,0
"1256",10102866,"010801070307",1.952245,0.006247184,"VT",0,0,0,0,1,1.54371040232,0,0,0,0,0,0,0,0
"1257",10102870,"010801070305",8.833595,0.0150171115,"VT",0,0,0,0,1,3.7108033372075,0,0,0,0,0,0,0,0
"1258",10102890,"010801070307",7.332142,0.0425264236,"VT",0,0,0,0,1,10.508491903678,0,0,0,0,0,0,0,0
"1259",10102892,"010801070402",2.246378,0.0008985512,"VT",0,0,0,0,0,0,0,0,0,0,0.1,0.0222036494276,0,0
"1260",10102900,"010801070402",5.842461,0.0917266377,"VT",0,0,0,0,1,22.6661108088585,0,0,0,0,0,0,0,0
"1261",10102902,"010801070403",2.049591,0.0018446319,"VT",0,0,0,0,0,0,0,0,0,0,0.1,0.04558177656495,0,0
"1262",10102908,"010801070403",2.90698,0.003488376,"VT",0,0,0,0,1,0.86199515148,0,0,0,0,0,0,0,0
"1263",10102916,"010801070301",1.880591,0.001880591,"VT",0,0,0,0,0,0,0.9,0.4182330951495,0,0,0.1,0.0464703439055,0,0
"1264",10102918,"010801070303",0.261376,0.0017773568,"VT",0,0,0,0,0.9,0.3952743768576,0,0,0,0,0.1,0.0439193752064,0,0
"1265",10102920,"010801060703",1.907344,0.096320872,"VT",0,0,0,0,0,0,0,0,0,0,0.1,2.380136907556,0,0
"1266",10102922,"010801060703",0.053686,0.0043270916,"NH",0,0,0,0,0.9,0.9623213728362,0,0,0,0,0.1,0.1069245969818,0,0
"1267",10102924,"010801070101",0.541792,0.0107816608,"VT",0,0,0,0,1,2.664202291984,0,0,0,0,0,0,0,0
"1268",10102926,"010801070501",0.0036,0.0009,"NH",0,0,0,0,1,0.2223945,0,0,0,0,0,0,0,0
"1269",10102928,"010801070307",1.497894,0.0017974728,"VT",0,0,0,0,0,0,0,0,0,0,0.1,0.0444164516244,0,0
"1270",10102930,"010801070305",1.905988,0.0017153892,"VT",0,0,0,0,0.9,0.3814931234394,0,0,0,0,0.1,0.0423881248266,0,0
"1271",10102934,"010801070402",0.915845,0.0044876405,"VT",0,0,0,0,1,1.1089184057525,0,0,0,0,0,0,0,0
"1272",10102936,"010801070402",0.066593,0.0008990055,"VT",0,0,0,0,0.9,0.19993387866975,0,0,0,0,0.1,0.02221487540775,0,0
"1273",10102938,"010801070402",0.251566,0.0276471034,"VT",0,0,0,0,0.9,6.1485637370913,0,0,0,0,0.1,0.6831737485657,0,0
"1274",10102944,"010801070303",2.159649,0.0233242092,"VT",0,0,0,0,1,5.763528714366,0,0,0,0,0,0,0,0
"1275",10102952,"010801070306",0.043892,0.0008602832,"VT",0,0,0,0,0.9,0.1913222521224,0,0,0,0,0.1,0.0212580280136,0,0
"1276",10103636,"010801070402",0.220818,0.000883272,"VT",0,0,0,0,0.9,0.196434834804,0,0,0,0,0.1,0.021826092756,0,0
"1277",10103646,"010801070402",0.126412,0.0017950504,"VT",0,0,0,0,0.9,0.3992093361828,0,0,0,0,0.1,0.0443565929092,0,0
"1278",10103650,"010801070402",0.15727,0.053015717,"VT",0,0,0,0,0.9,11.7904038743565,0,0,0,0,0.1,1.3100448749285,0,0
"1279",10103652,"010801070404",0.56991,0.002678577,"VT",0,0,0,0,0.9,0.5957007926265,0,0,0,0,0.1,0.0661889769585,0,0
"1280",10103658,"010801070402",0.048625,0.000884975,"VT",0,0,0,0,1,0.218681747375,0,0,0,0,0,0,0,0
"1281",10103660,"010801070402",0.959612,0.0621828576,"VT",0,0,0,0,0.9,13.8291255245232,0,0,0,0,0.1,1.5365695027248,0,0
"1282",10103664,"010801070402",0.754726,0.0080755682,"VT",0,0,0,0,0.9,1.7959619520549,0,0,0,0,0.1,0.1995513280061,0,0
"1283",10103668,"010801070404",1.306986,0.0504496596,"VT",0,0,0,0,1,12.466363135458,0,0,0,0,0,0,0,0
"1284",10103676,"010801070405",1.548339,0.0009290034,"VT",0,0,0,0,1,0.229561385157,0,0,0,0,0,0,0,0
"1285",10103680,"010801070404",0.445031,0.0251887546,"VT",0,0,0,0,0.9,5.6018404848897,0,0,0,0,0.1,0.6224267205433,0,0
"1286",10103690,"010801070404",0.930123,0.0179513739,"VT",0,0,0,0,0.9,3.99228682280355,0,0,0,0,0.1,0.44358742475595,0,0
"1287",10103692,"010801070404",2.534755,0.0063368875,"VT",0,0,0,0,1,1.5658765856875,0,0,0,0,0,0,0,0
"1288",10103694,"010801070404",0.799974,0.0467184816,"VT",0,0,0,0,0.9,10.3899333561912,0,0,0,0,0.1,1.1544370395768,0,0
"1289",10103698,"010801070405",1.049911,0.0009449199,"VT",0,0,0,0,0.9,0.21014498870055,0,0,0,0,0.1,0.02334944318895,0,0
"1290",10103712,"010801070405",5.194723,0.0025973615,"VT",0,0,0,0,1,0.6418210134575,0,0,0,0,0,0,0,0
"1291",10103716,"010801070406",1.247691,0.0017467674,"VT",0,0,0,0,0.9,0.3884714625393,0,0,0,0,0.1,0.0431634958377,0,0
"1292",10103718,"010801070406",1.454428,0.0017453136,"VT",0,0,0,0,0.9,0.3881481454152,0,0,0,0,0.1,0.0431275717128,0,0
"1293",10103726,"010801070406",0.697412,0.0036265424,"VT",0,0,0,0,1,0.896136759752,0,0,0,0,0,0,0,0
"1294",10103728,"010801070405",1.153559,0.0035760329,"VT",0,0,0,0,0.9,0.79529004877905,0,0,0,0,0.1,0.08836556097545,0,0
"1295",10103732,"010801070405",0.382835,0.0017993245,"VT",0,0,0,0,1,0.4446220805725,0,0,0,0,0,0,0,0
"1296",10103738,"010801070405",1.237071,0.0242465916,"VT",0,0,0,0,0.9,5.3923086155862,0,0,0,0,0.1,0.5991454017318,0,0
"1297",10103740,"010801070405",1.719816,0.0044715216,"VT",0,0,0,0,0.9,0.9944418104712,0,0,0,0,0.1,0.1104935344968,0,0
"1298",10103742,"010801070405",0.633698,0.0054498028,"VT",0,0,0,0,0.9,1.2120061688046,0,0,0,0,0.1,0.1346673520894,0,0
"1299",10103744,"010801070406",0.126131,0.009838218,"VT",0,0,0,0,0.9,2.187965573001,0,0,0,0,0.1,0.243107285889,0,0
"1300",10103746,"010801070406",1.203856,0.0008426992,"VT",0,0,0,0,0.9,0.1874116672344,0,0,0,0,0.1,0.0208235185816,0,0
"1301",10103750,"010801070406",3.284932,0.0009854796,"VT",0,0,0,0,0,0,0,0,0,0,0.1,0.0243516936558,0,0
"1302",10103756,"010801070405",0.445048,0.002670288,"VT",0,0,0,0,1,0.65984151624,0,0,0,0,0,0,0,0
"1303",10103760,"010801070405",2.577987,0.002577987,"VT",0,0,0,0,0.9,0.5733301298715,0,0,0,0,0.1,0.0637033477635,0,0
"1304",10103762,"010801070405",2.209639,0.0017677112,"VT",0,0,0,0,1,0.436810276076,0,0,0,0,0,0,0,0
"1305",10103772,"010801070406",0.157397,0.0071615635,"VT",0,0,0,0,0.9,1.59269233380075,0,0,0,0,0.1,0.17696581486675,0,0
"1306",10103774,"010801070406",0.044441,0.0009243728,"VT",0,0,0,0,0.9,0.2055754266696,0,0,0,0,0.1,0.0228417140744,0,0
"1307",10103776,"010801070406",2.780456,0.0052828664,"VT",0,0,0,0,1,1.305422701772,0,0,0,0,0,0,0,0
"1308",10103784,"010801070406",1.81843,0.000909215,"VT",0,0,0,0,0.9,0.2022044153175,0,0,0,0,0.1,0.0224671572575,0,0
"1309",10103786,"010801070406",1.47208,0.000883248,"VT",0,0,0,0,0,0,0.9,0.196429497336,0,0,0.1,0.021825499704,0,0
"1310",10103788,"010801070406",1.789177,0.0008945885,"VT",0,0,0,0,0.9,0.19895156216325,0,0,0,0,0.1,0.02210572912925,0,0
"1311",10103792,"010801070406",1.823951,0.0027359265,"VT",0,0,0,0,0.9,0.60845500600425,0,0,0,0,0.1,0.06760611177825,0,0
"1312",10103796,"010801070406",1.628652,0.0009771912,"VT",0,0,0,0,0,0,1,0.241468831476,0,0,0,0,0,0
"1313",10103798,"010801070406",0.655989,0.0089214504,"VT",0,0,0,0,0.9,1.9840815009828,0,0,0,0,0.1,0.2204535001092,0,0
"1314",10103800,"010801070406",1.412195,0.0018358535,"VT",0,0,0,0,0.9,0.40828372120575,0,0,0,0,0.1,0.04536485791175,0,0
"1315",10103804,"010801070405",1.96626,0.007275162,"VT",0,0,0,0,1,1.79772890601,0,0,0,0,0,0,0,0
"1316",10103806,"010801070405",0.257258,0.001800806,"VT",0,0,0,0,0.9,0.400489349967,0,0,0,0,0.1,0.044498816663,0,0
"1317",10103812,"010801070406",0.539164,0.057690548,"VT",0,0,0,0,1,14.25562286354,0,0,0,0,0,0,0,0
"1318",10103814,"010801070505",0.841056,0.0017662176,"VT",0,0,0,0,0.9,0.3927970800432,0,0,0,0,0.1,0.0436441200048,0,0
"1319",10103816,"010801070406",2.315003,0.0171310222,"VT",0,0,0,0,0.9,3.8098451166579,0,0,0,0,0.1,0.4233161240731,0,0
"1320",10103818,"010801070406",0.457098,0.0726328722,"VT",0,0,0,0,0.9,16.1531512964829,0,0,0,0,0.1,1.7947945884981,0,0
"1321",10103820,"010801070405",4.476647,0.0017906588,"VT",0,0,0,0,1,0.442480742774,0,0,0,0,0,0,0,0
"1322",10103890,"010801070405",7.93105,0.005551735,"VT",0,0,0,0,1,1.371861477175,0,0,0,0,0,0,0,0
"1323",10103894,"010801070405",8.980926,0.0700512228,"VT",0,0,0,0,1,17.310007409994,0,0,0,0,0,0,0,0
"1324",10103906,"010801070404",2.322543,0.0081289005,"VT",0,0,0,0,0.9,1.80782276224725,0,0,0,0,0.1,0.20086919580525,0,0
"1325",10103910,"010801070404",0.194054,0.0026585398,"VT",0,0,0,0,0.9,0.5912446295511,0,0,0,0,0.1,0.0656938477279,0,0
"1326",10103914,"010801070406",0.462759,0.0107360088,"VT",0,0,0,0,1,2.652921454524,0,0,0,0,0,0,0,0
"1327",10103916,"010801070406",2.445758,0.0251913074,"VT",0,0,0,0,0.9,5.6024082135693,0,0,0,0,0.1,0.6224898015077,0,0
"1328",10103918,"010801070404",1.300108,0.0609750652,"VT",0,0,0,0,0.9,13.5605191376214,0,0,0,0,0.1,1.5067243486246,0,0
"1329",10103920,"010801070406",0.004191,0.0006986397,"VT",0,0,0,0,0.9,0.15537362676165,0,0,0,0,0.1,0.01726373630685,0,0
"1330",10103922,"010801070406",1.822433,0.0262430352,"VT",0,0,0,0,0.9,5.8363066917864,0,0,0,0,0.1,0.6484785213096,0,0
"1331",10103926,"010801070406",1.004851,0.0188911988,"VT",0,0,0,0,0.9,4.2012987115266,0,0,0,0,0.1,0.4668109679474,0,0
"1332",10103930,"010801070406",0.180034,0.0081375368,"VT",0,0,0,0,0.9,1.8097434278676,0,0,0,0,0.1,0.2010826030964,0,0
"1333",10103934,"010801070406",0.10957,0.003561025,"VT",0,0,0,0,0.9,0.7919523743625,0,0,0,0,0.1,0.0879947082625,0,0
"1334",10103936,"010801070406",0.842061,0.012630915,"VT",0,0,0,0,0.9,2.8090460259675,0,0,0,0,0.1,0.3121162251075,0,0
"1335",10103938,"010801070406",0.235653,0.0152938797,"VT",0,0,0,0,0.9,3.40127472894165,0,0,0,0,0.1,0.37791941432685,0,0
"1336",10103940,"010801070406",0.642877,0.0315652607,"VT",0,0,0,0,1,7.7999337452735,0,0,0,0,0,0,0,0
"1337",10103942,"010801070406",0.462235,0.0143755085,"VT",0,0,0,0,0.9,3.19703402510325,0,0,0,0,0.1,0.35522600278925,0,0
"1338",10103952,"010801070507",0.012985,0.0024346875,"NH",0,0,0,0,1,0.6016234546875,0,0,0,0,0,0,0,0
"1339",10103962,"010801070402",0.243855,0.0017801415,"VT",0,0,0,0,0.9,0.39589367882175,0,0,0,0,0.1,0.04398818653575,0,0
"1340",10103968,"010801070406",0.185163,0.0045364935,"VT",0,0,0,0,1,1.1209902263175,0,0,0,0,0,0,0,0
"1341",10103980,"010801070406",1.686886,0.0342437858,"VT",0,0,0,0,0.9,7.6156296210981,0,0,0,0,0.1,0.8461810690109,0,0
"1342",10103982,"010801070506",0.544135,0,"VT",0,0,0,0,0,0,0,0,0.9,0,0.1,0,0,0
"1343",166161613,"010801070506",0.244487,0.0494352714,"VT",0,0,0,0,1,12.215702739297,0,0,0,0,0,0,0,0
"1344",166161614,"010801070506",12.208002,0.2002112328,"VT",0,0,0,0,1,49.473196681044,0,0,0,0,0,0,0,0
"1345",166161615,"010801070506",0.901816,0.107316104,"VT",0,0,0,0,0.9,23.866511291028,0,0,0,0,0.1,2.651834587892,0,0
"1346",166161616,"010801070502",28.437206,0.1933730008,"NH",0,0,0,0,1,47.783435362684,0,0,0,0,0,0,0,0
"1347",166161618,"010801070507",0.484049,0.0009196931,"VT",0,0,0,0,0.9,0.20453468712795,0,0,0,0,0.1,0.02272607634755,0,0
"1348",166161619,"010801070506",1.927204,0.000963602,"VT",0,0,0,0,0.9,0.214299784989,0,0,0,0,0.1,0.023811087221,0,0
"1349",166161620,"010801070203",1.672993,0.2293673403,"NH",0,0,0,0,1,56.6778166248315,0,0,0,0,0,0,0,0
"1350",166161623,"010801070201",0.250341,0.0017774211,"NH",0,0,0,0,0.9,0.39528867682395,0,0,0,0,0.1,0.04392096409155,0,0
"1351",166161624,"010801070503",1.037529,0,"NH",0,0,0,0,0.9,0,0,0,0,0,0.1,0,0,0
"1352",166174528,"010801060504",1.3554,0.0054216,"VT",0,0,0,0,1,1.339704468,0,0,0,0,0,0,0,0
"1353",166174529,"010801060504",0.158836,0.0035896936,"VT",0,0,0,0,0.9,0.7983281133252,0,0,0,0,0.1,0.0887031237028,0,0
"1354",166174530,"010801060504",0.59475,0.00178425,"VT",0,0,0,0,0.9,0.396807386625,0,0,0,0,0.1,0.044089709625,0,0
"1355",166174531,"010801060402",0.381511,0.0143448136,"NH",0,0,0,0,0.9,3.1902076481652,0,0,0,0,0.1,0.3544675164628,0,0
"1356",166174533,"010801060402",1.197923,0.0684014033,"NH",0,0,0,0,1,16.9023287624465,0,0,0,0,0,0,0,0
"1357",166174535,"010801060401",1.475547,0.0234611973,"NH",0,0,0,0,1,5.7973791588165,0,0,0,0,0,0,0,0
"1358",166174536,"010801060401",0.185238,0.0044271882,"NH",0,0,0,0,0.9,0.9845823061449,0,0,0,0,0.1,0.1093980340161,0,0
"1359",166174539,"010801060303",2.070796,0.013460174,"NH",0,0,0,0,0.9,2.993468666643,0,0,0,0,0.1,0.332607629627,0,0
"1360",166174540,"010801060303",3.662214,0.0208746198,"NH",0,0,0,0,0.9,4.6424006331111,0,0,0,0,0.1,0.5158222925679,0,0
"1361",166174541,"010801060303",5.72894,0.004583152,"NH",0,0,0,0,0.9,1.019267797464,0,0,0,0,0.1,0.113251977496,0,0
"1362",166174542,"010801060303",2.338093,0.0053776139,"NH",0,0,0,0,1,1.3288352827595,0,0,0,0,0,0,0,0
"1363",166174543,"010801060105",1.392204,0.0602824332,"NH",0,0,0,0,1,14.896090655886,0,0,0,0,0,0,0,0
"1364",166174544,"010801060105",8.889272,0.1493397696,"NH",0,0,0,0,1,36.902603767008,0,0,0,0,0,0,0,0
"1365",166174545,"010801060105",0.787474,0.0116546152,"NH",0,0,0,0,0.9,2.5919223200964,0,0,0,0,0.1,0.2879913688996,0,0
"1366",166174546,"010801060105",3.491027,0.0666786157,"NH",0,0,0,0,0,0,0.9,14.8289573992937,0,0,0.1,1.64766193325485,0,0
"1367",166174550,"010801060105",7.604627,0.1079857034,"NH",0,0,0,0,0.9,24.0154265147913,0,0,0,0,0.1,2.6683807238657,0,0
"1368",166174551,"010801060105",1.751983,0.0117382861,"NH",0,0,0,0,1,2.9005891867405,0,0,0,0,0,0,0,0
"1369",166174552,"010801060404",1.198284,0.0008387988,"NH",0,0,0,0,0.9,0.1865442397266,0,0,0,0,0.1,0.0207271377474,0,0
"1370",166174554,"010801050503",2.756416,0.4308278208,"NH",0,0,0,0,0.9,95.8137377929056,0,0,0,0,0.1,10.6459708658784,0,0
"1371",166174555,"010801050503",0.745585,0.043393047,"VT",0,0,0,0,0.9,9.6503749910415,0,0,0,0,0.1,1.0722638878935,0,0
"1372",166174556,"010801060402",0.198215,0.002695724,"NH",0,0,0,0,0,0,0.9,0.599514191118,0,0,0.1,0.066612687902,0,0
"1373",166174557,"010801060402",0.493562,0.0438283056,"NH",0,0,0,0,0,0,0,0,0,0,0.1,1.0830193455288,0,0
"1374",166174558,"010801060402",0.295217,0.0352193881,"NH",0,0,0,0,1,8.7028868964505,0,0,0,0,0,0,0,0
"1375",166443365,"010801060105",1.764944,0.0880707056,"NH",0,0,0,0,1,21.762711707288,0,0,0,0,0,0,0,0
